2.008276246773317,-0.43523508259641697,2.0082761290028803,-0.337890084301485,2.008276105449195,0.22669705348334043,2.0082749514828326,-0.5130775828799559,2.008274927935849,0.7257482999249457,2.0082724797810694,-0.5130775828799559,2.0082713974053754,-0.337890084301485,2.008266060261512,-0.3302733573186467,2.008266060261512,0.10508401924693442,2.008262490339592,-0.5130775828799559,2.008259345728032,0.4593851058943401,2.0082539772646637,-0.41334584261778345,2.0082539538368964,3.52781649241572,2.0082479139131078,-0.5113807918490814,2.0082445466349887,0.7257482999249457,2.0082775895932365,-0.4478234556014136,2.0082775895932365,-0.48969774755627465,2.0082778723476933,-0.48805079736874574,2.0082872377109213,-0.5130775828799559,2.0082872377109213,0.10758669779805544,2.0082878281786156,-0.3098249594354646,2.008288962112488,-0.5130775828799559,2.0082967899867903,-0.037568658166963316,2.008296884673874,0.4612062299956344,2.008297358141711,-0.2753231205234596,2.008305130731554,-0.4630240118575356,2.00830515445074,-0.5130775828799559,2.008306316856853,-0.4630240118575356,2.0083084527363892,-0.037568658166963316,2.0083085476898637,0.4612062299956344
2.008276246773317,-0.43523508259641697,2.0082761290028803,-0.337890084301485,2.008276105449195,0.22669705348334043,2.0082749514828326,-0.5130775828799559,2.008274927935849,0.7257482999249457,2.0082724797810694,-0.5130775828799559,2.0082713974053754,-0.337890084301485,2.008266060261512,-0.3302733573186467,2.008266060261512,0.10508401924693442,2.008262490339592,-0.5130775828799559,2.008259369186418,-0.41334584261778345,2.0082509093591643,3.3228513611190533,2.0082479139131078,-0.5113807918490814,2.0082445466349887,0.7257482999249457,2.008243261247318,-0.21275615674543427,2.0082775895932365,-0.4478234556014136,2.0082775895932365,-0.48969774755627465,2.0082778723476933,-0.48805079736874574,2.0082871196274787,-0.5130775828799559,2.008287143243898,-0.037568658166963316,2.0082872377109213,0.10758669779805544,2.0082878281786156,-0.3098249594354646,2.008288962112488,-0.5130775828799559,2.0082967899867903,-0.037568658166963316,2.008296884673874,0.4612062299956344,2.008297358141711,-0.2753231205234596,2.008305130731554,-0.4630240118575356,2.00830515445074,-0.5130775828799559,2.008306316856853,-0.4630240118575356,2.0083084527363892,-0.037568658166963316
2.0082761290028803,-0.4227216898408119,2.008276105449195,0.22669705348334043,2.008274927935849,0.7257482999249457,2.0082724797810694,-0.5130775828799559,2.0082713974053754,-0.337890084301485,2.008266060261512,0.10508401924693442,2.008262490339592,-0.5130775828799559,2.008259767999364,-0.41334584261778345,2.008252782618073,-0.5116703392440533,2.0082509093591643,3.3228513611190533,2.0082479139131078,-0.5113807918490814,2.0082445466349887,0.7257482999249457,2.008243261247318,-0.21275615674543427,2.0082316175638035,3.7963204651655618,2.008231594262794,-0.13883361438990896,2.0082775895932365,-0.4478234556014136,2.0082775895932365,-0.48969774755627465,2.008277801657268,-0.48805079736874574,2.008287001547401,-0.5130775828799559,2.008287001547401,-0.48805079736874574,2.0082870251631473,-0.037568658166963316,2.008287096011194,-0.5130775828799559,2.0082871196274787,0.10758669779805544,2.0082878281786156,-0.3098249594354646,2.008288962112488,-0.5130775828799559,2.0082967899867903,-0.037568658166963316,2.008296884673874,0.4612062299956344,2.008297358141711,-0.2753231205234596,2.008302878026496,-0.4630240118575356,2.008302901732817,-0.5130775828799559
2.0082761290028803,-0.4227216898408119,2.008276105449195,0.22669705348334043,2.008274927935849,0.7257482999249457,2.0082713974053754,-0.337890084301485,2.008271303299135,-0.5130775828799559,2.008262490339592,-0.5130775828799559,2.008262490339592,0.10508401924693442,2.0082599791512217,0.4606427394064566,2.0082528060391924,-0.41334584261778345,2.0082509093591643,3.3228513611190533,2.0082479139131078,-0.5113807918490814,2.0082445466349887,0.7257482999249457,2.008243261247318,-0.21275615674543427,2.0082316175638035,3.7963204651655618,2.008231594262794,-0.13883361438990896,2.0082775895932365,-0.4478234556014136,2.0082775895932365,-0.48969774755627465,2.008277801657268,-0.48805079736874574,2.008287001547401,-0.5130775828799559,2.008287001547401,-0.48805079736874574,2.0082870251631473,-0.037568658166963316,2.0082871196274787,0.10758669779805544,2.0082878281786156,-0.3098249594354646,2.008288962112488,-0.5130775828799559,2.0082967899867903,-0.037568658166963316,2.008296884673874,0.4612062299956344,2.008297358141711,-0.2753231205234596,2.008302878026496,-0.4630240118575356,2.008302901732817,-0.5130775828799559,2.00830515445074,-0.5130775828799559
2.0082768121180727,-0.337890084301485,2.008276105449195,0.22669705348334043,2.008274927935849,0.7257482999249457,2.0082713974053754,-0.337890084301485,2.008271303299135,-0.5130775828799559,2.008264368861404,-0.4259392460066679,2.0082643453746094,-0.004519999555666746,2.008262490339592,-0.5130775828799559,2.008262490339592,0.10508401924693442,2.0082600026132056,-0.41334584261778345,2.0082599791512217,0.4606427394064566,2.008254891051335,-0.5116421590835676,2.0082509093591643,3.1176739025741096,2.0082479139131078,-0.5113807918490814,2.0082445466349887,0.7257482999249457,2.0082775895932365,-0.4478234556014136,2.0082775895932365,-0.48969774755627465,2.008278155121468,-0.48805079736874574,2.008286883470688,-0.5130775828799559,2.0082869070857616,-0.037568658166963316,2.008287001547401,0.10758669779805544,2.0082878281786156,-0.3098249594354646,2.008288962112488,-0.5130775828799559,2.0082967899867903,-0.037568658166963316,2.008296884673874,0.4612062299956344,2.008297358141711,-0.2753231205234596,2.008302878026496,-0.4630240118575356,2.008302901732817,-0.5130775828799559,2.00830515445074,-0.5130775828799559,2.008306316856853,-0.4630240118575356
2.0082768121180727,-0.4129704408351153,2.008276105449195,0.22669705348334043,2.008276105449195,-0.35942425676067813,2.0082749514828326,-0.5130775828799559,2.008274927935849,0.7257482999249457,2.0082713974053754,-0.337890084301485,2.008271303299135,-0.5130775828799559,2.0082643453746094,-0.004519999555666746,2.0082643453746094,0.10508401924693442,2.0082631007655016,-0.34961538358134203,2.008262490339592,-0.5130775828799559,2.0082599322276535,-0.4144761648720045,2.0082599087660697,-0.41334584261778345,2.0082598853046187,0.49022044564859635,2.008253063680276,-0.5116578633914759,2.0082775895932365,-0.4478234556014136,2.0082775895932365,-0.48969774755627465,2.008278155121468,-0.48805079736874574,2.008286411197483,-0.5130775828799559,2.008286434809865,-0.037568658166963316,2.008286529260738,0.10758669779805544,2.0082866473273566,-0.35996318355987655,2.008288962112488,-0.5130775828799559,2.0082967899867903,-0.037568658166963316,2.008296884673874,0.4612062299956344,2.008297358141711,-0.2753231205234596,2.008302878026496,-0.4630240118575356,2.008302901732817,-0.5130775828799559,2.00830515445074,-0.5130775828799559,2.008306316856853,-0.4630240118575356
2.0082768121180727,-0.4129704408351153,2.008276105449195,0.22669705348334043,2.008276105449195,-0.35942425676067813,2.0082749514828326,-0.5130775828799559,2.008274927935849,0.7257482999249457,2.0082713974053754,-0.337890084301485,2.008271303299135,-0.5130775828799559,2.008264368861404,-0.43110292255405386,2.008262490339592,-0.5130775828799559,2.008259955689371,-0.41334584261778345,2.0082599322276535,-0.4144761648720045,2.0082598853046187,0.49022044564859635,2.008253063680276,-0.5116578633914759,2.0082479139131078,-0.5113807918490814,2.0082470484471555,3.3020296511897933,2.0082775895932365,-0.4478234556014136,2.0082775895932365,-0.48969774755627465,2.008278155121468,-0.48805079736874574,2.008286411197483,-0.5130775828799559,2.008286411197483,-0.48805079736874574,2.008286434809865,-0.037568658166963316,2.008286529260738,0.10758669779805544,2.0082866473273566,-0.35996318355987655,2.008288962112488,-0.5130775828799559,2.0082967899867903,-0.037568658166963316,2.008296884673874,0.4612062299956344,2.008297358141711,-0.2753231205234596,2.008302878026496,-0.4630240118575356,2.008302901732817,-0.5130775828799559,2.00830515445074,-0.5130775828799559
2.0082768121180727,-0.4129704408351153,2.008276105449195,0.22669705348334043,2.008276105449195,-0.35942425676067813,2.0082749514828326,-0.5130775828799559,2.008274927935849,0.7257482999249457,2.0082713974053754,-0.337890084301485,2.008271303299135,-0.5130775828799559,2.008264368861404,-0.43110292255405386,2.008264368861404,0.10508401924693442,2.008262490339592,-0.5130775828799559,2.008259955689371,-0.41334584261778345,2.0082599322276535,-0.4144761648720045,2.0082598853046187,0.49022044564859635,2.0082528060391924,-0.5099704699185609,2.0082479139131078,-0.5113807918490814,2.0082775895932365,-0.4603368483570187,2.0082775895932365,-0.48969774755627465,2.008278155121468,-0.48805079736874574,2.008286387585236,-0.48805079736874574,2.008286411197483,-0.5130775828799559,2.008286411197483,0.10758669779805544,2.0082866473273566,-0.35996318355987655,2.008288962112488,-0.5130775828799559,2.0082967899867903,-0.037568658166963316,2.008296884673874,0.4612062299956344,2.008297358141711,-0.2753231205234596,2.008302878026496,-0.4630240118575356,2.008302901732817,-0.5130775828799559,2.00830515445074,-0.5130775828799559,2.008306316856853,-0.4630240118575356
2.008276105449195,0.22669705348334043,2.008276105449195,-0.35942425676067813,2.0082749514828326,-0.5130775828799559,2.008274927935849,0.7257482999249457,2.0082713974053754,-0.337890084301485,2.008271303299135,-0.5130775828799559,2.008264392348332,-0.4310009884566666,2.008264368861404,0.10508401924693442,2.008262490339592,-0.5130775828799559,2.0082599087660697,-0.42145084218594536,2.0082598853046187,0.49022044564859635,2.0082479139131078,-0.5113807918490814,2.0082445466349887,0.7257482999249457,2.008243261247318,-0.21275615674543427,2.0082316175638035,3.7963204651655618,2.0082772361773285,-0.337890084301485,2.0082772361773285,-0.48805079736874574,2.0082775895932365,-0.4603368483570187,2.0082775895932365,-0.48969774755627465,2.008277801657268,-0.48805079736874574,2.0082839562443024,-0.3600168535014054,2.008286411197483,0.10758669779805544,2.008288962112488,-0.5130775828799559,2.0082967899867903,-0.037568658166963316,2.008296884673874,0.4612062299956344,2.008297358141711,-0.2753231205234596,2.008302901732817,-0.5130775828799559,2.00830515445074,-0.5130775828799559,2.008306316856853,-0.4630240118575356,2.0083084527363892,-0.037568658166963316
2.008276105449195,0.22669705348334043,2.008276105449195,-0.35942425676067813,2.008274927935849,0.7257482999249457,2.00827142093227,-0.5130775828799559,2.0082713974053754,-0.337890084301485,2.008271303299135,-0.5130775828799559,2.008264392348332,-0.4310009884566666,2.008264392348332,0.10508401924693442,2.008262490339592,-0.5130775828799559,2.0082599087660697,-0.42145084218594536,2.0082599087660697,-0.41334584261778345,2.0082598853046187,0.49022044564859635,2.008252665514472,-0.5099399872938082,2.008250136887588,-0.5104151833837023,2.0082479139131078,-0.5113807918490814,2.008276882791598,-0.337890084301485,2.008276882791598,-0.48805079736874574,2.008277448223252,-0.48805079736874574,2.0082775895932365,-0.4603368483570187,2.0082775895932365,-0.48969774755627465,2.008283838254355,-0.5130775828799559,2.008283932646044,-0.5130775828799559,2.0082839562443024,-0.3600168535014054,2.0082862695260184,-0.5130775828799559,2.0082863639731237,-0.5130775828799559,2.008286411197483,0.10758669779805544,2.008288962112488,-0.5130775828799559,2.0082967899867903,-0.037568658166963316,2.008296884673874,0.4612062299956344,2.008297358141711,-0.2753231205234596
2.008276105449195,0.22669705348334043,2.008276105449195,-0.35942425676067813,2.008274927935849,0.7257482999249457,2.00827142093227,-0.5130775828799559,2.0082713974053754,-0.337890084301485,2.008271303299135,-0.5130775828799559,2.008264392348332,0.10508401924693442,2.008262490339592,-0.5130775828799559,2.0082599087660697,-0.41334584261778345,2.0082598853046187,0.49022044564859635,2.008250300733108,-0.5102375557735365,2.0082479139131078,-0.5113807918490814,2.0082445466349887,0.7257482999249457,2.008243261247318,-0.21275615674543427,2.0082316175638035,3.7963204651655618,2.008276882791598,-0.337890084301485,2.0082775895932365,-0.4603368483570187,2.008277801657268,-0.48805079736874574,2.0082837910593168,-0.5130775828799559,2.0082838146567688,-0.48805079736874574,2.008283838254355,0.10758669779805544,2.0082846642545795,-0.3600027258809842,2.008288962112488,-0.5130775828799559,2.0082967899867903,-0.037568658166963316,2.008296884673874,0.4612062299956344,2.008297358141711,-0.2753231205234596,2.008302854320311,-0.4630240118575356,2.008302901732817,-0.5130775828799559,2.00830515445074,-0.5130775828799559,2.008306316856853,-0.4630240118575356
2.008274927935849,0.3928637723582233,2.00827142093227,-0.5130775828799559,2.0082713974053754,-0.337890084301485,2.008271303299135,-0.5130775828799559,2.008264392348332,0.10508401924693442,2.008262490339592,-0.5130775828799559,2.0082599087660697,-0.41334584261778345,2.0082598853046187,0.49022044564859635,2.0082504177696068,-0.5115701319948665,2.0082479139131078,-0.5113807918490814,2.0082445466349887,0.7257482999249457,2.008243261247318,-0.21275615674543427,2.0082316175638035,3.7963204651655618,2.008231594262794,-0.13883361438990896,2.008231594262794,-0.47653826330591226,2.00827629388243,-0.337890084301485,2.008277566031237,-0.48969774755627465,2.008277566031237,-0.48805079736874574,2.0082775895932365,-0.4603368483570187,2.008283720267768,-0.48805079736874574,2.008283720267768,-0.5130775828799559,2.0082837438648165,-0.037568658166963316,2.008283838254355,0.10758669779805544,2.008288962112488,-0.5130775828799559,2.0082967899867903,-0.037568658166963316,2.0082967899867903,-0.35976086702580384,2.008296884673874,0.4612062299956344,2.008297358141711,-0.2753231205234596,2.008302878026496,-0.4630240118575356,2.008302901732817,-0.5130775828799559
2.0082749514828326,-0.48805079736874574,2.008274927935849,0.3928637723582233,2.0082713974053754,-0.337890084301485,2.008264392348332,0.10508401924693442,2.008262490339592,-0.5130775828799559,2.0082599087660697,-0.41334584261778345,2.0082598853046187,0.49022044564859635,2.0082479139131078,-0.5113807918490814,2.0082445466349887,0.7257482999249457,2.008243261247318,-0.21275615674543427,2.0082383104097907,3.4121042736671474,2.008231594262794,-0.13883361438990896,2.008231594262794,-0.47653826330591226,2.008231594262794,0.0017945462368449297,2.008229730609334,-0.3045694721254308,2.0082762703278063,-0.337890084301485,2.0082775424693717,-0.5130775828799559,2.008277566031237,-0.48969774755627465,2.008277566031237,-0.48805079736874574,2.0082775895932365,-0.4603368483570187,2.008283696670854,-0.5130775828799559,2.0082837438648165,-0.037568658166963316,2.008283838254355,0.10758669779805544,2.008288962112488,-0.5130775828799559,2.0082967899867903,-0.037568658166963316,2.0082967899867903,-0.35976086702580384,2.008296884673874,0.4612062299956344,2.008297358141711,-0.2753231205234596,2.008302878026496,-0.4630240118575356,2.008302901732817,-0.5130775828799559
2.008274927935849,0.3928637723582233,2.0082713974053754,-0.337890084301485,2.0082713738786144,-0.5130775828799559,2.0082631242452225,-0.41677461233996127,2.008262490339592,-0.5130775828799559,2.008262490339592,0.10508401924693442,2.0082599087660697,-0.41334584261778345,2.0082598853046187,0.49022044564859635,2.0082513775941617,-0.5101387750511237,2.0082479139131078,-0.5113807918490814,2.008247142002286,-0.5009179937911228,2.0082445466349887,0.7257482999249457,2.008243261247318,-0.21275615674543427,2.0082383104097907,-0.4880447534000448,2.0082339716454634,0.2708298251296969,2.0082775424693717,-0.48805079736874574,2.008277566031237,-0.48969774755627465,2.0082775895932365,-0.4603368483570187,2.008283720267768,-0.5130775828799559,2.0082837438648165,-0.037568658166963316,2.008283838254355,0.10758669779805544,2.008288962112488,-0.5130775828799559,2.0082967899867903,-0.037568658166963316,2.0082967899867903,-0.35976086702580384,2.008296884673874,0.4612062299956344,2.008297358141711,-0.2753231205234596,2.008302878026496,-0.4630240118575356,2.008302901732817,-0.5130775828799559,2.00830515445074,-0.5130775828799559,2.008306316856853,-0.4630240118575356
2.008274927935849,0.3928637723582233,2.00827142093227,-0.5130775828799559,2.0082713974053754,-0.337890084301485,2.0082713738786144,-0.5130775828799559,2.0082632416458286,-0.4245387721162461,2.008262490339592,-0.5130775828799559,2.008262490339592,0.10508401924693442,2.0082599087660697,-0.41334584261778345,2.0082598853046187,0.49022044564859635,2.0082479139131078,-0.5113807918490814,2.008247142002286,-0.5009179937911228,2.0082445466349887,0.7257482999249457,2.008243261247318,-0.21275615674543427,2.0082383104097907,-0.4880447534000448,2.0082339716454634,0.2708298251296969,2.0082775424693717,-0.48805079736874574,2.008277566031237,-0.48969774755627465,2.0082775895932365,-0.4603368483570187,2.008283649477429,-0.037568658166963316,2.0082837438648165,0.10758669779805544,2.008288962112488,-0.5130775828799559,2.0082967899867903,-0.35976086702580384,2.0082967899867903,-0.037568658166963316,2.008296884673874,0.4612062299956344,2.008297358141711,-0.2753231205234596,2.008302878026496,-0.4630240118575356,2.008302901732817,-0.5130775828799559,2.00830515445074,-0.5130775828799559,2.008306316856853,-0.4630240118575356,2.0083083340475985,-0.037568658166963316
2.008274927935849,0.3928637723582233,2.00827142093227,-0.5130775828799559,2.0082713974053754,-0.337890084301485,2.0082701977111914,-0.5130775828799559,2.0082633120877933,-0.42311428502512627,2.008262490339592,-0.5130775828799559,2.008262490339592,0.10508401924693442,2.0082599087660697,-0.41334584261778345,2.0082598853046187,0.49022044564859635,2.0082479139131078,-0.5113807918490814,2.008247142002286,-0.5009179937911228,2.0082445466349887,0.7257482999249457,2.008243261247318,-0.21275615674543427,2.0082383104097907,-0.4880447534000448,2.0082339716454634,0.2708298251296969,2.008277518907641,-0.48805079736874574,2.0082775424693717,-0.4505106191019305,2.0082775895932365,-0.4603368483570187,2.0082836258809187,-0.5130775828799559,2.008283649477429,-0.037568658166963316,2.0082837438648165,0.10758669779805544,2.008288962112488,-0.5130775828799559,2.0082967899867903,-0.35976086702580384,2.0082967899867903,-0.037568658166963316,2.008296884673874,0.4612062299956344,2.008297358141711,-0.2753231205234596,2.008302878026496,-0.4630240118575356,2.008302901732817,-0.5130775828799559,2.00830515445074,-0.5130775828799559,2.008306316856853,-0.4630240118575356
2.0082749514828326,-0.48805079736874574,2.008274927935849,0.3928637723582233,2.00827142093227,-0.5130775828799559,2.0082713974053754,-0.337890084301485,2.0082701977111914,-0.5130775828799559,2.0082633120877933,0.10508401924693442,2.008262490339592,-0.5130775828799559,2.0082599087660697,-0.41334584261778345,2.0082598853046187,0.49022044564859635,2.0082479139131078,-0.5113807918490814,2.008247142002286,-0.5009179937911228,2.0082445466349887,0.7257482999249457,2.008243261247318,-0.21275615674543427,2.0082383104097907,-0.4880447534000448,2.0082339716454634,0.2708298251296969,2.008277518907641,-0.48805079736874574,2.008277518907641,-0.48969774755627465,2.0082775424693717,-0.4505106191019305,2.0082775895932365,-0.4603368483570187,2.0082836258809187,-0.5130775828799559,2.008283649477429,-0.037568658166963316,2.0082837438648165,0.10758669779805544,2.008288962112488,-0.5130775828799559,2.0082967899867903,-0.35976086702580384,2.0082967899867903,-0.037568658166963316,2.008296884673874,0.4612062299956344,2.008297358141711,-0.2753231205234596,2.008302878026496,-0.4630240118575356,2.008302901732817,-0.5130775828799559,2.00830515445074,-0.5130775828799559
2.008274927935849,0.3928637723582233,2.00827142093227,-0.5130775828799559,2.00827142093227,-0.3601457289333953,2.0082713974053754,-0.337890084301485,2.0082701977111914,-0.5130775828799559,2.0082633120877933,0.10508401924693442,2.008262490339592,-0.5130775828799559,2.0082599087660697,-0.41334584261778345,2.0082598853046187,0.49022044564859635,2.0082516351460638,-0.5102360541664058,2.0082479139131078,-0.5113807918490814,2.008247142002286,-0.5009179937911228,2.0082445466349887,0.7257482999249457,2.008243261247318,-0.21275615674543427,2.0082383104097907,-0.4880447534000448,2.008277518907641,-0.48969774755627465,2.008277518907641,-0.4505106191019305,2.0082775895932365,-0.4603368483570187,2.0082775895932365,-0.48805079736874574,2.00828353149622,-0.037568658166963316,2.0082836258809187,0.10758669779805544,2.008288962112488,-0.5130775828799559,2.0082967899867903,-0.35976086702580384,2.0082967899867903,-0.037568658166963316,2.008296884673874,0.4612062299956344,2.008297358141711,-0.2753231205234596,2.008302878026496,-0.4630240118575356,2.008302901732817,-0.5130775828799559,2.00830515445074,-0.5130775828799559,2.008306316856853,-0.4630240118575356
2.008274927935849,0.3928637723582233,2.00827142093227,-0.3601457289333953,2.0082713974053754,-0.337890084301485,2.0082701977111914,-0.5130775828799559,2.0082633120877933,0.10508401924693442,2.008262490339592,-0.5130775828799559,2.0082599087660697,-0.41334584261778345,2.0082598853046187,0.49022044564859635,2.0082494113642166,-0.5116903356456767,2.0082479139131078,-0.5113807918490814,2.008247142002286,-0.5009179937911228,2.0082445466349887,0.7257482999249457,2.008243261247318,-0.21275615674543427,2.0082383104097907,-0.4880447534000448,2.0082339716454634,0.2708298251296969,2.008277518907641,-0.48969774755627465,2.008277566031237,-0.4505106191019305,2.008277566031237,-0.48805079736874574,2.0082775895932365,-0.4603368483570187,2.0082835079003813,-0.5130775828799559,2.00828353149622,-0.037568658166963316,2.0082836258809187,0.10758669779805544,2.008288962112488,-0.5130775828799559,2.0082967899867903,-0.35976086702580384,2.0082967899867903,-0.037568658166963316,2.008296884673874,0.4612062299956344,2.008297358141711,-0.2753231205234596,2.008302878026496,-0.4630240118575356,2.008302901732817,-0.5130775828799559,2.00830515445074,-0.5130775828799559
2.008274927935849,0.3052700230689879,2.00827142093227,-0.3601457289333953,2.0082713974053754,-0.337890084301485,2.0082701977111914,-0.5130775828799559,2.0082633120877933,0.10508401924693442,2.008262490339592,-0.5130775828799559,2.0082599087660697,-0.41334584261778345,2.0082598853046187,0.49022044564859635,2.0082494113642166,-0.5116903356456767,2.0082479139131078,-0.5113807918490814,2.008247142002286,-0.5009179937911228,2.0082445466349887,0.7257482999249457,2.008243261247318,-0.21275615674543427,2.0082383104097907,-0.4880447534000448,2.0082339716454634,0.2708298251296969,2.008277518907641,-0.48969774755627465,2.0082775424693717,-0.4505106191019305,2.008277566031237,-0.48805079736874574,2.0082775895932365,-0.4603368483570187,2.0082835079003813,-0.5130775828799559,2.00828353149622,-0.037568658166963316,2.0082836258809187,0.10758669779805544,2.008288962112488,-0.5130775828799559,2.0082914673159937,0.46073537605302645,2.0082914673159937,-0.35985991052946453,2.008297358141711,-0.2753231205234596,2.008302878026496,-0.4630240118575356,2.008302901732817,-0.5130775828799559,2.0083031388034684,0.46073537605302645,2.00830515445074,-0.5130775828799559
2.008274927935849,0.28024323755777775,2.00827142093227,-0.3601457289333953,2.0082713974053754,-0.337890084301485,2.0082701977111914,-0.5130775828799559,2.0082631007655016,-0.3194196033308248,2.0082631007655016,-0.30447468317530707,2.008262490339592,-0.5130775828799559,2.008262490339592,0.10508401924693442,2.0082599087660697,-0.41334584261778345,2.0082598853046187,0.49022044564859635,2.00825646136243,-0.4215385860959477,2.008250932769652,-0.5005641901243507,2.0082494113642166,-0.5116903356456767,2.0082479139131078,-0.5113807918490814,2.008247142002286,-0.5009179937911228,2.008277518907641,-0.48969774755627465,2.0082775424693717,-0.4505106191019305,2.008277566031237,-0.48805079736874574,2.0082775895932365,-0.4603368483570187,2.0082835079003813,-0.5130775828799559,2.0082835079003813,0.10758669779805544,2.00828353149622,-0.037568658166963316,2.008288962112488,-0.5130775828799559,2.008291372752519,-0.037568658166963316,2.0082914673159937,0.46073537605302645,2.0082914673159937,-0.35985991052946453,2.008297358141711,-0.2753231205234596,2.008302878026496,-0.4630240118575356,2.008302901732817,-0.5130775828799559,2.008303043973583,-0.037568658166963316
2.008274927935849,0.20516288102414726,2.0082714444592984,-0.5130775828799559,2.00827142093227,-0.3601457289333953,2.0082713974053754,-0.337890084301485,2.0082701977111914,-0.5130775828799559,2.0082631007655016,-0.3194196033308248,2.0082631007655016,-0.30447468317530707,2.0082631007655016,-0.3023687417415025,2.008262490339592,-0.5130775828799559,2.008262490339592,0.10508401924693442,2.0082599087660697,-0.41334584261778345,2.0082598853046187,0.49022044564859635,2.00825800882028,-0.41375618179302526,2.00825646136243,-0.4215385860959477,2.008250932769652,-0.5005641901243507,2.008277518907641,-0.48969774755627465,2.0082775424693717,-0.4505106191019305,2.008277566031237,-0.48805079736874574,2.0082775895932365,-0.4603368483570187,2.008280111502464,-0.5130775828799559,2.0082801350789574,0.46073537605302645,2.008283389923205,-0.5130775828799559,2.0082835079003813,0.10758669779805544,2.008284593448106,-0.3599970197738877,2.008288962112488,-0.5130775828799559,2.008291372752519,-0.037568658166963316,2.0082914673159937,0.46073537605302645,2.008297358141711,-0.2753231205234596,2.0082988262354777,-0.4630240118575356,2.008302901732817,-0.5130775828799559
2.008274927935849,0.20516288102414726,2.0082714444592984,-0.5130775828799559,2.00827142093227,-0.3601457289333953,2.0082713974053754,-0.337890084301485,2.0082701977111914,-0.5130775828799559,2.0082631007655016,-0.3194196033308248,2.0082631007655016,-0.30447468317530707,2.0082631007655016,-0.3023687417415025,2.008262490339592,-0.5130775828799559,2.008262490339592,0.10508401924693442,2.0082599087660697,-0.41334584261778345,2.00825800882028,-0.41375618179302526,2.00825646136243,-0.4215385860959477,2.008250932769652,-0.5005641901243507,2.0082494113642166,-0.5116903356456767,2.008277518907641,-0.48969774755627465,2.0082775424693717,-0.4505106191019305,2.008277566031237,-0.48805079736874574,2.0082775895932365,-0.4603368483570187,2.0082800171978348,-0.5130775828799559,2.008280040773791,-0.037568658166963316,2.0082801350789574,0.46073537605302645,2.0082835079003813,0.10758669779805544,2.008284593448106,-0.3599970197738877,2.008288962112488,-0.5130775828799559,2.008291372752519,-0.037568658166963316,2.0082914673159937,0.46073537605302645,2.008297358141711,-0.2753231205234596,2.0082988262354777,-0.4630240118575356,2.008302901732817,-0.5130775828799559
2.008274927935849,0.20516288102414726,2.0082714444592984,-0.5130775828799559,2.00827142093227,-0.3601457289333953,2.0082713974053754,-0.337890084301485,2.0082701977111914,-0.5130775828799559,2.0082631007655016,-0.30447468317530707,2.0082631007655016,-0.3023687417415025,2.008262490339592,-0.5130775828799559,2.0082580322710726,-0.41334584261778345,2.00825800882028,-0.41375618179302526,2.00825646136243,-0.4215385860959477,2.008250932769652,-0.5005641901243507,2.0082494113642166,-0.5116903356456767,2.0082479139131078,-0.5113807918490814,2.0082445466349887,0.7257482999249457,2.008277518907641,-0.48969774755627465,2.0082775424693717,-0.4505106191019305,2.008277566031237,-0.48805079736874574,2.0082775895932365,-0.4603368483570187,2.0082800171978348,-0.5130775828799559,2.008280040773791,-0.037568658166963316,2.0082801350789574,0.46073537605302645,2.0082835079003813,0.10758669779805544,2.008284593448106,-0.3599970197738877,2.008288962112488,-0.5130775828799559,2.008291372752519,-0.037568658166963316,2.0082914673159937,0.46073537605302645,2.008297358141711,-0.2753231205234596,2.0082988262354777,-0.4630240118575356,2.008302901732817,-0.5130775828799559
2.0082750221245864,-0.5130775828799559,2.008274927935849,0.20516288102414726,2.0082713974053754,-0.337890084301485,2.0082701977111914,-0.5130775828799559,2.0082631007655016,-0.30447468317530707,2.0082631007655016,-0.3023687417415025,2.0082631007655016,0.10508401924693442,2.008262490339592,-0.5130775828799559,2.0082580322710726,-0.41334584261778345,2.00825800882028,-0.41375618179302526,2.00825646136243,-0.4215385860959477,2.008250932769652,-0.5005641901243507,2.0082494113642166,-0.5116903356456767,2.0082479139131078,-0.5113807918490814,2.0082445466349887,0.7257482999249457,2.0082775895932365,-0.4603368483570187,2.008279993622013,-0.48805079736874574,2.0082800171978348,-0.5130775828799559,2.0082800171978348,0.10758669779805544,2.0082801350789574,0.46073537605302645,2.008288962112488,-0.5130775828799559,2.008291372752519,-0.037568658166963316,2.0082914673159937,0.46073537605302645,2.008297358141711,-0.2753231205234596,2.008302878026496,-0.4630240118575356,2.008302901732817,-0.5130775828799559,2.008303043973583,-0.037568658166963316,2.0083031388034684,0.46073537605302645,2.00830515445074,-0.5130775828799559,2.008306316856853,-0.4630240118575356
2.0082751163154673,-0.41019929995581556,2.0082750927675463,-0.4505106191019305,2.0082750927675463,-0.5130775828799559,2.0082749514828326,-0.48805079736874574,2.008274927935849,0.20516288102414726,2.00827142093227,-0.5130775828799559,2.0082713974053754,-0.337890084301485,2.0082701977111914,-0.5130775828799559,2.0082631007655016,-0.30447468317530707,2.0082631007655016,-0.3023687417415025,2.0082631007655016,0.10508401924693442,2.008262490339592,-0.5130775828799559,2.0082580322710726,-0.41334584261778345,2.00825800882028,-0.41375618179302526,2.00825646136243,-0.4215385860959477,2.0082763174371876,-0.337890084301485,2.0082798993200686,-0.5130775828799559,2.0082799228953534,-0.037568658166963316,2.0082800171978348,0.10758669779805544,2.0082801350789574,0.46073537605302645,2.008283389923205,-0.30991708303293136,2.008288962112488,-0.5130775828799559,2.008291372752519,-0.037568658166963316,2.0082914673159937,0.46073537605302645,2.008297358141711,-0.2753231205234596,2.008302332818482,-0.4630240118575356,2.0083023565216895,-0.5130775828799559,2.008303043973583,-0.037568658166963316,2.0083031388034684,0.46073537605302645,2.008305130731554,0.10758669779805544
2.0082749514828326,-0.48805079736874574,2.008274927935849,0.20516288102414726,2.0082713974053754,-0.337890084301485,2.0082701977111914,-0.5130775828799559,2.008265167491857,-0.4004570480795102,2.0082631007655016,-0.30447468317530707,2.0082631007655016,-0.3023687417415025,2.0082631007655016,0.10508401924693442,2.008262490339592,-0.5130775828799559,2.0082580322710726,-0.41334584261778345,2.00825800882028,-0.41375618179302526,2.00825646136243,-0.4215385860959477,2.008250932769652,-0.5005641901243507,2.0082494113642166,-0.5116903356456767,2.0082445466349887,0.7257482999249457,2.0082775424693717,-0.337890084301485,2.0082798757449183,-0.34727700587710203,2.0082798757449183,-0.5130775828799559,2.0082800171978348,0.10758669779805544,2.0082801350789574,0.46073537605302645,2.0082846170501294,-0.3098851989081901,2.008288962112488,-0.5130775828799559,2.008291372752519,-0.037568658166963316,2.0082914673159937,0.46073537605302645,2.008297358141711,-0.2753231205234596,2.008302332818482,-0.4630240118575356,2.0083023565216895,-0.5130775828799559,2.008303043973583,-0.037568658166963316,2.0083031388034684,0.46073537605302645,2.008305130731554,0.10758669779805544
2.008274998577201,-0.49082195076143825,2.00827497502995,-0.4505106191019305,2.00827497502995,-0.48805079736874574,2.008274927935849,0.20516288102414726,2.0082714444592984,-0.41019929995581556,2.00827142093227,-0.5130775828799559,2.0082713974053754,-0.337890084301485,2.0082701977111914,-0.5130775828799559,2.008265167491857,-0.4004570480795102,2.008265167491857,0.10508401924693442,2.0082631007655016,-0.30447468317530707,2.0082631007655016,-0.3023687417415025,2.008262490339592,-0.5130775828799559,2.0082580322710726,-0.41334584261778345,2.00825800882028,-0.41375618179302526,2.0082797814456588,-0.34727700587710203,2.0082798050202726,-0.5130775828799559,2.008279852169902,-0.48805079736874574,2.0082798757449183,0.10758669779805544,2.0082801350789574,0.46073537605302645,2.008288962112488,-0.5130775828799559,2.008291372752519,-0.037568658166963316,2.008291372752519,-0.30970966103461445,2.0082914673159937,0.46073537605302645,2.008297358141711,-0.2753231205234596,2.008302332818482,-0.4630240118575356,2.0083023565216895,-0.5130775828799559,2.008303043973583,-0.037568658166963316,2.0083031388034684,0.46073537605302645,2.008305130731554,0.10758669779805544
2.008274998577201,-0.49082195076143825,2.00827497502995,-0.41019929995581556,2.00827497502995,-0.48805079736874574,2.00827497502995,-0.4505106191019305,2.008274927935849,0.20516288102414726,2.0082713974053754,-0.337890084301485,2.0082701977111914,-0.5130775828799559,2.008265167491857,-0.4004570480795102,2.008265167491857,0.10508401924693442,2.0082631007655016,-0.30447468317530707,2.0082631007655016,-0.3023687417415025,2.008262490339592,-0.5130775828799559,2.0082580322710726,-0.41334584261778345,2.00825800882028,-0.41375618179302526,2.00825646136243,-0.4215385860959477,2.008277353979278,-0.48805079736874574,2.0082773775400704,-0.48805079736874574,2.0082797578711795,-0.5130775828799559,2.0082797814456588,-0.34727700587710203,2.0082797814456588,-0.037568658166963316,2.0082798757449183,0.10758669779805544,2.0082801350789574,0.46073537605302645,2.0082844518387892,-0.30988949100190527,2.008288962112488,-0.5130775828799559,2.008291372752519,-0.037568658166963316,2.0082914673159937,0.46073537605302645,2.008297358141711,-0.2753231205234596,2.008302332818482,-0.4630240118575356,2.0083023565216895,-0.5130775828799559,2.008303043973583,-0.037568658166963316
2.008274998577201,-0.5130775828799559,2.008274998577201,-0.49082195076143825,2.00827497502995,-0.41019929995581556,2.00827497502995,-0.48805079736874574,2.008274927935849,0.20516288102414726,2.0082713974053754,-0.337890084301485,2.0082701977111914,-0.5130775828799559,2.008265167491857,-0.4004570480795102,2.008265167491857,0.10508401924693442,2.0082631007655016,-0.30447468317530707,2.0082631007655016,-0.3023687417415025,2.008262490339592,-0.5130775828799559,2.0082580322710726,-0.41334584261778345,2.00825800882028,-0.41375618179302526,2.00825646136243,-0.4215385860959477,2.0082796871485473,-0.34727700587710203,2.008279710722624,-0.5130775828799559,2.008279734296835,-0.5130775828799559,2.008279734296835,-0.48805079736874574,2.0082797578711795,0.10758669779805544,2.0082797814456588,-0.037568658166963316,2.0082801350789574,0.46073537605302645,2.0082867890117404,-0.3098287635068623,2.008288962112488,-0.5130775828799559,2.008291372752519,-0.037568658166963316,2.0082914673159937,0.46073537605302645,2.008297358141711,-0.2753231205234596,2.008302332818482,-0.4630240118575356,2.0083023565216895,-0.5130775828799559,2.008303043973583,-0.037568658166963316
2.008274998577201,-0.4530117209655643,2.00827497502995,-0.4505106191019305,2.00827497502995,-0.48805079736874574,2.008274927935849,0.20516288102414726,2.00827142093227,-0.5130775828799559,2.0082713974053754,-0.337890084301485,2.0082701977111914,-0.5130775828799559,2.008265167491857,-0.4004570480795102,2.008265167491857,0.10508401924693442,2.0082631007655016,-0.30447468317530707,2.0082631007655016,-0.3023687417415025,2.008262490339592,-0.5130775828799559,2.0082580322710726,-0.41334584261778345,2.00825800882028,-0.41375618179302526,2.00825646136243,-0.4215385860959477,2.0082761761106527,-0.337890084301485,2.0082761761106527,-0.48805079736874574,2.0082765294360403,-0.48805079736874574,2.0082796635746054,-0.5130775828799559,2.0082796871485473,-0.34727700587710203,2.0082796871485473,-0.5130775828799559,2.0082797578711795,0.10758669779805544,2.0082797814456588,-0.037568658166963316,2.0082801350789574,0.46073537605302645,2.008283248355029,-0.27959150135936023,2.008288962112488,-0.5130775828799559,2.008291372752519,-0.037568658166963316,2.0082914673159937,0.46073537605302645,2.008297358141711,-0.2753231205234596,2.008302332818482,-0.4630240118575356
2.0082749514828326,-0.48805079736874574,2.008274927935849,0.20516288102414726,2.00827142093227,-0.4905518992323796,2.00827142093227,-0.5130775828799559,2.0082713974053754,-0.337890084301485,2.0082701977111914,-0.5130775828799559,2.008265167491857,-0.4004570480795102,2.008265167491857,0.10508401924693442,2.0082631007655016,-0.30447468317530707,2.0082631007655016,-0.3023687417415025,2.008262490339592,-0.5130775828799559,2.0082580322710726,-0.41334584261778345,2.00825800882028,-0.41375618179302526,2.00825646136243,-0.4215385860959477,2.008250932769652,-0.5005641901243507,2.00827733041862,-0.48805079736874574,2.008277353979278,-0.337890084301485,2.0082796164271235,-0.5130775828799559,2.008279640000797,-0.4004570480795102,2.008279640000797,0.10758669779805544,2.0082796635746054,-0.037568658166963316,2.0082801350789574,0.46073537605302645,2.0082844046367594,-0.2294468828912502,2.008288962112488,-0.5130775828799559,2.008291372752519,-0.037568658166963316,2.0082914673159937,0.46073537605302645,2.008297358141711,-0.2753231205234596,2.008302332818482,-0.4630240118575356,2.0083023565216895,-0.5130775828799559,2.008303043973583,-0.037568658166963316
2.0082749514828326,-0.48805079736874574,2.008274927935849,0.20516288102414726,2.0082714444592984,-0.5130775828799559,2.0082713974053754,-0.337890084301485,2.0082701977111914,-0.5130775828799559,2.008265167491857,-0.4004570480795102,2.008265167491857,0.10508401924693442,2.0082631007655016,-0.30447468317530707,2.0082631007655016,-0.3023687417415025,2.008262490339592,-0.5130775828799559,2.0082580322710726,-0.41334584261778345,2.00825800882028,-0.41375618179302526,2.00825646136243,-0.4215385860959477,2.008250932769652,-0.5005641901243507,2.0082494113642166,-0.5116903356456767,2.008277306858096,-0.48805079736874574,2.00827733041862,-0.337890084301485,2.0082795457069076,-0.037568658166963316,2.0082795692801785,-0.34727700587710203,2.008279592853584,-0.4505106191019305,2.0082796164271235,-0.5130775828799559,2.008279640000797,0.10758669779805544,2.0082801350789574,0.46073537605302645,2.0082843810359465,-0.2294477338019576,2.008288962112488,-0.5130775828799559,2.008291372752519,-0.037568658166963316,2.0082914673159937,0.46073537605302645,2.008297358141711,-0.2753231205234596,2.008302332818482,-0.4630240118575356,2.0083023565216895,-0.5130775828799559
2.0082749514828326,-0.48805079736874574,2.008274927935849,0.20516288102414726,2.008271467986461,-0.4905518992323796,2.00827142093227,-0.5130775828799559,2.0082713974053754,-0.337890084301485,2.0082701977111914,-0.5130775828799559,2.008265167491857,-0.4004570480795102,2.008265167491857,0.10508401924693442,2.0082631007655016,-0.30447468317530707,2.0082631007655016,-0.3023687417415025,2.008262490339592,-0.5130775828799559,2.0082580322710726,-0.41334584261778345,2.00825800882028,-0.41375618179302526,2.00825646136243,-0.4215385860959477,2.008250932769652,-0.5005641901243507,2.0082761525566992,-0.337890084301485,2.008276505880076,-0.48805079736874574,2.0082794514151656,-0.037568658166963316,2.0082794749878996,-0.4505106191019305,2.008279498560768,-0.37292959867341274,2.008279522133771,-0.5130775828799559,2.0082795457069076,0.10758669779805544,2.0082801350789574,0.46073537605302645,2.0082832247608033,-0.22948897794448006,2.008288962112488,-0.5130775828799559,2.008291372752519,-0.037568658166963316,2.0082914673159937,0.46073537605302645,2.008297358141711,-0.2753231205234596,2.00830230911541,-0.4630240118575356,2.0083023565216895,-0.5130775828799559
2.0082749514828326,-0.48805079736874574,2.008274927935849,0.20516288102414726,2.0082713974053754,-0.337890084301485,2.0082701977111914,-0.5130775828799559,2.008265167491857,-0.4004570480795102,2.008265167491857,0.10508401924693442,2.0082631007655016,-0.30447468317530707,2.0082631007655016,-0.3023687417415025,2.008262490339592,-0.5130775828799559,2.0082580322710726,-0.41334584261778345,2.00825800882028,-0.41375618179302526,2.00825646136243,-0.4215385860959477,2.008250932769652,-0.5005641901243507,2.0082494113642166,-0.5116903356456767,2.0082471653914,-0.5112069683103132,2.0082771890574875,-0.337890084301485,2.0082793806977683,-0.48805079736874574,2.0082793806977683,0.10758669779805544,2.0082794042701,-0.34727700587710203,2.0082794278425657,-0.5130775828799559,2.0082794514151656,-0.037568658166963316,2.0082794749878996,-0.4505106191019305,2.0082801350789574,0.46073537605302645,2.008288962112488,-0.5130775828799559,2.008291372752519,-0.037568658166963316,2.0082914673159937,0.46073537605302645,2.008297358141711,-0.2753231205234596,2.0082985894110226,-0.4630240118575356,2.0083023565216895,-0.5130775828799559,2.008303043973583,-0.037568658166963316
2.00827497502995,-0.4905518992323796,2.0082749514828326,-0.5130775828799559,2.0082749514828326,-0.48805079736874574,2.008274927935849,0.20516288102414726,2.0082713974053754,-0.337890084301485,2.0082701977111914,-0.5130775828799559,2.008265167491857,-0.4004570480795102,2.008265167491857,0.10508401924693442,2.0082631007655016,-0.30447468317530707,2.0082631007655016,-0.3023687417415025,2.008262490339592,-0.5130775828799559,2.0082580322710726,-0.41334584261778345,2.00825800882028,-0.41375618179302526,2.00825646136243,-0.4215385860959477,2.008250932769652,-0.5005641901243507,2.0082771890574875,-0.337890084301485,2.0082792864097847,-0.037568658166963316,2.0082793099815794,-0.5130775828799559,2.0082793099815794,-0.48805079736874574,2.0082793335535083,-0.34727700587710203,2.0082793806977683,0.10758669779805544,2.0082793806977683,-0.4505106191019305,2.0082793806977683,-0.5130775828799559,2.0082794514151656,-0.5130775828799559,2.0082801350789574,0.46073537605302645,2.0082831775727557,-0.22949066725250206,2.008288962112488,-0.5130775828799559,2.008291372752519,-0.037568658166963316,2.0082914673159937,0.46073537605302645,2.008297358141711,-0.2753231205234596
2.0082749514828326,-0.48805079736874574,2.008274927935849,0.20516288102414726,2.0082714444592984,-0.4905518992323796,2.00827142093227,-0.5130775828799559,2.0082713974053754,-0.337890084301485,2.0082701977111914,-0.5130775828799559,2.008265167491857,-0.4004570480795102,2.008265167491857,0.10508401924693442,2.0082631007655016,-0.30447468317530707,2.0082631007655016,-0.3023687417415025,2.008262490339592,-0.5130775828799559,2.0082580322710726,-0.41334584261778345,2.00825800882028,-0.41375618179302526,2.00825646136243,-0.4215385860959477,2.008250932769652,-0.5005641901243507,2.0082771183787322,-0.48805079736874574,2.008277141938183,-0.48805079736874574,2.0082792628381245,-0.34727700587710203,2.0082792628381245,-0.5130775828799559,2.0082793099815794,-0.4505106191019305,2.0082793571255713,-0.5130775828799559,2.0082793806977683,0.10758669779805544,2.0082801350789574,0.46073537605302645,2.0082842158340193,-0.22945362760994548,2.008288962112488,-0.5130775828799559,2.008291372752519,-0.037568658166963316,2.0082914673159937,0.46073537605302645,2.008297358141711,-0.2753231205234596,2.008302332818482,-0.4630240118575356,2.0083023565216895,-0.5130775828799559
2.0082749514828326,-0.48805079736874574,2.008274927935849,0.20516288102414726,2.00827142093227,-0.4905518992323796,2.0082713974053754,-0.337890084301485,2.0082701977111914,-0.5130775828799559,2.008265167491857,-0.4004570480795102,2.008265167491857,0.10508401924693442,2.0082631007655016,-0.30447468317530707,2.0082631007655016,-0.3023687417415025,2.008262490339592,-0.5130775828799559,2.0082580322710726,-0.41334584261778345,2.00825800882028,-0.41375618179302526,2.00825646136243,-0.4215385860959477,2.008250932769652,-0.5005641901243507,2.0082494113642166,-0.5116903356456767,2.008279144981836,-0.48805079736874574,2.0082791685528254,-0.34727700587710203,2.0082791921239487,-0.5130775828799559,2.0082791921239487,-0.4505106191019305,2.0082792392665985,-0.4505106191019305,2.0082792628381245,0.10758669779805544,2.0082801350789574,0.46073537605302645,2.0082862459145785,-0.229381200092676,2.008288962112488,-0.5130775828799559,2.0082914673159937,0.46073537605302645,2.008297358141711,-0.2753231205234596,2.008302332818482,-0.4630240118575356,2.0083023565216895,-0.5130775828799559,2.008303043973583,-0.037568658166963316,2.008303115095794,0.10758669779805544
2.0082749514828326,-0.48805079736874574,2.008274927935849,0.20516288102414726,2.0082714444592984,-0.5130775828799559,2.0082713974053754,-0.337890084301485,2.0082701977111914,-0.5130775828799559,2.008265167491857,-0.4004570480795102,2.008265167491857,0.10508401924693442,2.0082631007655016,-0.30447468317530707,2.0082631007655016,-0.3023687417415025,2.008262490339592,-0.5130775828799559,2.0082580322710726,-0.41334584261778345,2.00825800882028,-0.41375618179302526,2.00825646136243,-0.4215385860959477,2.008250932769652,-0.5005641901243507,2.0082494113642166,-0.5116903356456767,2.0082790742696734,-0.48805079736874574,2.0082790978402603,-0.4004570480795102,2.0082790978402603,-0.5130775828799559,2.0082791685528254,-0.037568658166963316,2.0082792628381245,0.10758669779805544,2.0082801350789574,0.46073537605302645,2.0082862459145785,-0.229381200092676,2.008288962112488,-0.5130775828799559,2.008291372752519,-0.037568658166963316,2.0082914673159937,0.46073537605302645,2.008297358141711,-0.2753231205234596,2.0083023565216895,-0.5130775828799559,2.0083030202664505,-0.037568658166963316,2.008303115095794,0.10758669779805544,2.0083031388034684,0.46073537605302645
2.0082749514828326,-0.48805079736874574,2.008274927935849,0.20516288102414726,2.008271467986461,-0.4905518992323796,2.0082714444592984,-0.5130775828799559,2.0082713974053754,-0.337890084301485,2.0082701977111914,-0.5130775828799559,2.008265167491857,-0.4004570480795102,2.008265167491857,0.10508401924693442,2.008262490339592,-0.5130775828799559,2.0082580322710726,-0.41334584261778345,2.00825646136243,-0.4215385860959477,2.0082539538368964,-0.41670821627800003,2.008250932769652,-0.5005641901243507,2.0082494113642166,-0.5116903356456767,2.008247750162374,0.34623569254907893,2.008279027128903,-0.48805079736874574,2.008279027128903,-0.4505106191019305,2.008279144981836,-0.5130775828799559,2.0082791685528254,-0.037568658166963316,2.0082792628381245,0.10758669779805544,2.0082801350789574,0.46073537605302645,2.0082861042487656,-0.2293862555033493,2.008288962112488,-0.5130775828799559,2.008291278191201,-0.037568658166963316,2.008297358141711,-0.2753231205234596,2.008302332818482,-0.4630240118575356,2.0083023565216895,-0.5130775828799559,2.0083030202664505,-0.037568658166963316,2.008303115095794,0.10758669779805544,2.0083031388034684,0.46073537605302645
2.00827497502995,-0.4905518992323796,2.0082749514828326,-0.5130775828799559,2.0082749514828326,-0.48805079736874574,2.008274927935849,0.20516288102414726,2.0082713974053754,-0.337890084301485,2.0082701977111914,-0.5130775828799559,2.008265167491857,-0.4004570480795102,2.008265167491857,0.10508401924693442,2.008262490339592,-0.5130775828799559,2.0082564848044338,-0.41334584261778345,2.00825646136243,-0.4215385860959477,2.0082539538368964,-0.41670821627800003,2.008250932769652,-0.5005641901243507,2.0082494113642166,-0.5116903356456767,2.008247750162374,0.34623569254907893,2.008278932848972,-0.48805079736874574,2.0082789564187533,-0.34727700587710203,2.0082789564187533,-0.4505106191019305,2.008279003558719,-0.5130775828799559,2.008279027128903,0.10758669779805544,2.0082801350789574,0.46073537605302645,2.0082861042487656,-0.2293862555033493,2.0082862223032736,0.46082922649869357,2.008288962112488,-0.5130775828799559,2.008297358141711,-0.2753231205234596,2.008302332818482,-0.4630240118575356,2.0083023565216895,-0.5130775828799559,2.0083030202664505,-0.037568658166963316,2.008303115095794,0.10758669779805544,2.0083031388034684,0.46073537605302645
2.00827497502995,-0.4905518992323796,2.00827497502995,-0.5130775828799559,2.0082749514828326,-0.48805079736874574,2.008274927935849,0.20516288102414726,2.0082713974053754,-0.337890084301485,2.0082701977111914,-0.5130775828799559,2.008265167491857,-0.4004570480795102,2.008265167491857,0.10508401924693442,2.008262490339592,-0.5130775828799559,2.0082564848044338,-0.41334584261778345,2.00825646136243,-0.4215385860959477,2.008250932769652,-0.5005641901243507,2.0082494113642166,-0.5116903356456767,2.008247750162374,0.34623569254907893,2.0082471653914,-0.5112069683103132,2.008278885709812,-0.48805079736874574,2.008278909279325,-0.34727700587710203,2.008278909279325,-0.4505106191019305,2.008278932848972,-0.48805079736874574,2.008278932848972,-0.037568658166963316,2.008279027128903,0.10758669779805544,2.0082801350789574,0.46073537605302645,2.0082861042487656,-0.2293862555033493,2.0082861278593978,-0.037568658166963316,2.0082862223032736,0.46082922649869357,2.008288962112488,-0.5130775828799559,2.008297358141711,-0.2753231205234596,2.008302332818482,-0.4630240118575356,2.0083023565216895,-0.5130775828799559,2.0083030202664505,-0.037568658166963316
2.0082749514828326,-0.48805079736874574,2.008274927935849,0.20516288102414726,2.0082713974053754,-0.337890084301485,2.0082701977111914,-0.5130775828799559,2.008265167491857,-0.4004570480795102,2.008265167491857,0.10508401924693442,2.008262490339592,-0.5130775828799559,2.0082579853696214,-0.33272319181216076,2.0082564848044338,-0.41334584261778345,2.00825646136243,-0.4215385860959477,2.00825114347002,-0.07743810438809239,2.008250932769652,-0.5005641901243507,2.0082494113642166,-0.5116903356456767,2.0082477735549378,-0.4153671810031674,2.008247750162374,0.34623569254907893,2.00827876786426,-0.48805079736874574,2.00827876786426,-0.34727700587710203,2.008278791433102,-0.037568658166963316,2.008278885709812,0.10758669779805544,2.008278885709812,-0.5130775828799559,2.008278885709812,-0.4505106191019305,2.0082801350789574,0.46073537605302645,2.0082861042487656,-0.2293862555033493,2.0082861278593978,-0.037568658166963316,2.0082862223032736,0.46082922649869357,2.008288962112488,-0.5130775828799559,2.008297358141711,-0.2753231205234596,2.008302332818482,-0.4630240118575356,2.0083023565216895,-0.5130775828799559,2.0083030202664505,-0.037568658166963316
2.0082749514828326,-0.48805079736874574,2.008274927935849,0.20516288102414726,2.0082714444592984,-0.5130775828799559,2.00827142093227,-0.4905518992323796,2.0082713974053754,-0.337890084301485,2.0082701977111914,-0.5130775828799559,2.008265167491857,-0.4004570480795102,2.008265167491857,0.10508401924693442,2.008262490339592,-0.5130775828799559,2.00825800882028,-0.41334584261778345,2.00825800882028,-0.4929476007888329,2.0082579853696214,-0.33272319181216076,2.00825646136243,-0.4215385860959477,2.00825114347002,-0.07743810438809239,2.008250932769652,-0.5005641901243507,2.008278697158539,-0.3596689186158357,2.0082787207269788,-0.48805079736874574,2.008278744295552,-0.037568658166963316,2.00827876786426,-0.5130775828799559,2.008278885709812,0.10758669779805544,2.0082801350789574,0.46073537605302645,2.0082861278593978,-0.037568658166963316,2.0082861278593978,-0.22938541710603466,2.0082862223032736,0.46082922649869357,2.008288962112488,-0.5130775828799559,2.008297358141711,-0.2753231205234596,2.0083023565216895,-0.5130775828799559,2.0083030202664505,-0.037568658166963316,2.008303115095794,0.10758669779805544,2.0083031388034684,0.46073537605302645
2.008274927935849,0.20516288102414726,2.008274880842285,-0.48805079736874574,2.008271467986461,-0.4905518992323796,2.0082713974053754,-0.337890084301485,2.0082701977111914,-0.5130775828799559,2.008265167491857,-0.4004570480795102,2.008265167491857,0.10508401924693442,2.008262490339592,-0.5130775828799559,2.008259392644937,0.01646736266689202,2.00825800882028,-0.41334584261778345,2.00825800882028,-0.4929476007888329,2.00825800882028,-0.4483558378962008,2.00825646136243,-0.4215385860959477,2.0082551488226192,-0.10149293714379636,2.00825114347002,-0.07743810438809239,2.0082755166506354,-0.337890084301485,2.0082761761106527,-0.48805079736874574,2.008278626454026,-0.037568658166963316,2.008278697158539,-0.3596689186158357,2.0082787207269788,0.10758669779805544,2.008278815002078,-0.5130775828799559,2.0082801350789574,0.46073537605302645,2.0082823518689406,-0.22952011126565602,2.0082861278593978,-0.037568658166963316,2.0082862223032736,0.46082922649869357,2.008288962112488,-0.5130775828799559,2.008297358141711,-0.2753231205234596,2.008297902696533,0.4607003635800962,2.0082985894110226,-0.4630240118575356,2.0083023565216895,-0.5130775828799559
2.0082749514828326,-0.48805079736874574,2.008274927935849,0.20516288102414726,2.0082713974053754,-0.337890084301485,2.0082701977111914,-0.5130775828799559,2.008265167491857,-0.4004570480795102,2.008265167491857,0.10508401924693442,2.008262490339592,-0.5130775828799559,2.008259416103589,-0.41334584261778345,2.008259392644937,0.01646736266689202,2.00825800882028,-0.4929476007888329,2.00825800882028,-0.4483558378962008,2.00825800882028,-0.3384372574265092,2.00825800882028,-0.3292828597150768,2.00825800882028,-0.31014148570521766,2.00825646136243,-0.4215385860959477,2.008278555750721,-0.48805079736874574,2.0082785793183553,-0.34727700587710203,2.008278626454026,-0.037568658166963316,2.0082787207269788,0.10758669779805544,2.008278815002078,-0.5130775828799559,2.0082801350789574,0.46073537605302645,2.008285655672312,-0.22940226013268372,2.0082861278593978,-0.037568658166963316,2.008288962112488,-0.5130775828799559,2.008297358141711,-0.2753231205234596,2.008297807986212,-0.037568658166963316,2.008302332818482,-0.4630240118575356,2.0083023565216895,-0.5130775828799559,2.008303115095794,0.10758669779805544,2.00830515445074,-0.5130775828799559
2.00827497502995,-0.4905518992323796,2.008274927935849,0.20516288102414726,2.008274880842285,-0.27712497399991015,2.0082713974053754,-0.337890084301485,2.0082701977111914,-0.5130775828799559,2.008265167491857,-0.4004570480795102,2.008265167491857,0.10508401924693442,2.008262490339592,-0.5130775828799559,2.008259416103589,-0.41334584261778345,2.008259392644937,0.01646736266689202,2.00825800882028,-0.3384372574265092,2.00825800882028,-0.3292828597150768,2.00825800882028,-0.31014148570521766,2.00825646136243,-0.4215385860959477,2.0082551488226192,-0.10149293714379636,2.008278532183221,-0.48805079736874574,2.008278555750721,-0.4505106191019305,2.0082786028861235,-0.4505106191019305,2.008278673590234,-0.4505106191019305,2.008278697158539,-0.4505106191019305,2.0082787207269788,-0.037568658166963316,2.008278791433102,-0.5130775828799559,2.008278815002078,0.10758669779805544,2.0082801350789574,0.46073537605302645,2.008288962112488,-0.5130775828799559,2.0082972634438208,-0.037568658166963316,2.008297358141711,-0.2753231205234596,2.0083023565216895,-0.5130775828799559,2.0083028069083464,-0.037568658166963316,2.008302901732817,0.4606163361477423
2.00827497502995,-0.4905518992323796,2.0082749514828326,-0.48805079736874574,2.008274927935849,0.20516288102414726,2.008274880842285,-0.27712497399991015,2.00827142093227,-0.5130775828799559,2.0082713974053754,-0.337890084301485,2.0082701977111914,-0.5130775828799559,2.008265167491857,-0.4004570480795102,2.008265167491857,0.10508401924693442,2.008262490339592,-0.5130775828799559,2.008259416103589,-0.41334584261778345,2.008259392644937,0.01646736266689202,2.00825800882028,-0.4000141740831039,2.00825646136243,-0.4215385860959477,2.0082551488226192,-0.10149293714379636,2.0082784614815257,-0.48805079736874574,2.0082784850486233,-0.4505106191019305,2.008278697158539,-0.5130775828799559,2.008278791433102,-0.5130775828799559,2.008288962112488,-0.5130775828799559,2.008288962112488,0.10758669779805544,2.008297358141711,-0.2753231205234596,2.008302332818482,-0.4630240118575356,2.0083023565216895,-0.5130775828799559,2.008302901732817,0.4606163361477423,2.008302901732817,-0.2287870391778544,2.008305130731554,0.10758669779805544,2.00830515445074,-0.5130775828799559,2.008306316856853,-0.4630240118575356,2.0083125139351807,-0.5215393893291511
2.00827497502995,-0.4905518992323796,2.0082749514828326,-0.48805079736874574,2.008274927935849,0.20516288102414726,2.008274880842285,-0.27712497399991015,2.00827142093227,-0.5130775828799559,2.0082713974053754,-0.337890084301485,2.0082701977111914,-0.5130775828799559,2.008265167491857,-0.4004570480795102,2.008265167491857,0.10508401924693442,2.008262490339592,-0.5130775828799559,2.008259416103589,-0.41334584261778345,2.008259392644937,0.01646736266689202,2.00825646136243,-0.4215385860959477,2.0082551488226192,-0.10149293714379636,2.00825114347002,-0.07743810438809239,2.0082784143477332,-0.48805079736874574,2.0082784379145626,-0.4505106191019305,2.0082888676061477,-0.037568658166963316,2.008288962112488,-0.5130775828799559,2.008288962112488,0.10758669779805544,2.008297358141711,-0.2753231205234596,2.008302332818482,-0.4630240118575356,2.0083023565216895,-0.5130775828799559,2.0083028069083464,-0.037568658166963316,2.008302901732817,0.4606163361477423,2.008302901732817,-0.2287870391778544,2.00830515445074,-0.5130775828799559,2.008306316856853,-0.4630240118575356,2.0083125139351807,-0.5215393893291511,2.008314819421451,0.10758669779805544
2.00827497502995,-0.4905518992323796,2.0082749514828326,-0.48805079736874574,2.008274927935849,0.20516288102414726,2.008274880842285,-0.27712497399991015,2.00827142093227,-0.5130775828799559,2.0082713974053754,-0.337890084301485,2.0082701977111914,-0.5130775828799559,2.008265167491857,-0.4004570480795102,2.008265167491857,0.10508401924693442,2.008263429493737,-0.4158674038785727,2.0082634060122815,0.04988445310109189,2.008262490339592,-0.5130775828799559,2.008259416103589,-0.41334584261778345,2.008259392644937,0.01646736266689202,2.00825646136243,-0.4215385860959477,2.0082887731019623,-0.38606673400431374,2.0082887967278067,-0.48805079736874574,2.0082888203537856,-0.4505106191019305,2.008288843979899,-0.4505106191019305,2.0082888676061477,-0.037568658166963316,2.008288962112488,-0.5130775828799559,2.008288962112488,0.10758669779805544,2.008288962112488,-0.22928430889256937,2.008297358141711,-0.2753231205234596,2.008302332818482,-0.4630240118575356,2.0083023565216895,-0.5130775828799559,2.0083028069083464,-0.037568658166963316,2.008302901732817,0.4606163361477423,2.00830515445074,-0.5130775828799559,2.008306316856853,-0.4630240118575356
2.00827766028004,-0.337890084301485,2.0082767650030595,-0.48805079736874574,2.0082749514828326,-0.4905518992323796,2.008274927935849,0.20516288102414726,2.008274880842285,-0.27712497399991015,2.0082718914982705,-0.48629508077138506,2.0082713974053754,-0.337890084301485,2.0082701977111914,-0.5130775828799559,2.008265167491857,-0.4004570480795102,2.008265167491857,0.10508401924693442,2.008263429493737,-0.4158674038785727,2.0082634060122815,0.04988445310109189,2.008262490339592,-0.5130775828799559,2.008259416103589,-0.41334584261778345,2.008259392644937,0.01646736266689202,2.008278650022063,-0.4505106191019305,2.008278650022063,-0.5130775828799559,2.0082886785999317,-0.037568658166963316,2.0082887967278067,-0.5130775828799559,2.008288843979899,-0.4505106191019305,2.008288962112488,-0.5130775828799559,2.008288962112488,-0.22928430889256937,2.0082956539103396,0.4608054135122796,2.008297358141711,-0.2753231205234596,2.0083022143044755,-0.4630240118575356,2.008302238007006,-0.037568658166963316,2.0083023565216895,-0.5130775828799559,2.00830515445074,-0.5130775828799559,2.008306316856853,-0.4630240118575356,2.008307218538695,-0.037568658166963316
2.0082749514828326,-0.4905518992323796,2.0082749514828326,-0.48805079736874574,2.008274927935849,0.20516288102414726,2.008274880842285,-0.27712497399991015,2.0082713974053754,-0.337890084301485,2.0082701977111914,-0.5130775828799559,2.008265167491857,-0.4004570480795102,2.008265167491857,0.10508401924693442,2.008263429493737,-0.4158674038785727,2.0082634060122815,0.04988445310109189,2.008262490339592,-0.5130775828799559,2.008259416103589,-0.41334584261778345,2.008259392644937,0.01646736266689202,2.00825646136243,-0.4215385860959477,2.0082551488226192,-0.10149293714379636,2.0082885132265633,-0.48805079736874574,2.0082885368509262,-0.34727700587710203,2.0082885604754237,-0.037568658166963316,2.0082886549747605,0.10758669779805544,2.008288962112488,-0.5130775828799559,2.0082955592513456,-0.037568658166963316,2.0082956302453887,-0.22904642929628533,2.0082956539103396,0.4608054135122796,2.008297358141711,-0.2753231205234596,2.008302332818482,-0.4630240118575356,2.0083023565216895,-0.5130775828799559,2.00830515445074,-0.5130775828799559,2.008306316856853,-0.4630240118575356,2.008307218538695,-0.037568658166963316,2.0083073134639613,0.4608054135122796
2.0082749514828326,-0.4905518992323796,2.0082749514828326,-0.48805079736874574,2.008274927935849,0.20516288102414726,2.0082749043890002,-0.5130775828799559,2.0082713974053754,-0.337890084301485,2.0082701977111914,-0.5130775828799559,2.0082675408046353,-0.4229353935622921,2.008265167491857,-0.4004570480795102,2.008265167491857,0.10508401924693442,2.008263429493737,-0.4158674038785727,2.0082634060122815,0.04988445310109189,2.008262490339592,-0.5130775828799559,2.008259416103589,-0.41334584261778345,2.008259392644937,0.01646736266689202,2.00825646136243,-0.4215385860959477,2.0082790742696734,-0.5130775828799559,2.0082886313497244,-0.48805079736874574,2.0082886549747605,0.10758669779805544,2.0082886549747605,-0.22929525811123055,2.008288962112488,-0.5130775828799559,2.0082955592513456,-0.037568658166963316,2.0082956539103396,0.4608054135122796,2.008297358141711,-0.2753231205234596,2.00830230911541,-0.4630240118575356,2.0083023565216895,-0.5130775828799559,2.00830515445074,-0.5130775828799559,2.008306316856853,-0.4630240118575356,2.008307218538695,-0.037568658166963316,2.0083073134639613,0.4608054135122796,2.0083124901739393,0.10758669779805544
2.00827497502995,-0.4905518992323796,2.00827497502995,-0.5005641901243507,2.0082749514828326,-0.48805079736874574,2.008274927935849,0.20516288102414726,2.0082713974053754,-0.337890084301485,2.0082701977111914,-0.5130775828799559,2.0082675408046353,-0.4229353935622921,2.008265167491857,-0.4004570480795102,2.008262490339592,-0.5130775828799559,2.0082594630212935,-0.41334584261778345,2.0082594395623747,-0.3186338623729148,2.008259392644937,0.01646736266689202,2.00825646136243,-0.4215385860959477,2.0082551488226192,-0.10149293714379636,2.00825114347002,-0.07743810438809239,2.008288371483214,-0.48805079736874574,2.0082883951067685,-0.34727700587710203,2.008288418730458,-0.037568658166963316,2.008288489602335,-0.4505106191019305,2.008288489602335,-0.5130775828799559,2.0082886077248228,-0.5130775828799559,2.0082886313497244,-0.5130775828799559,2.0082886549747605,0.10758669779805544,2.008288962112488,-0.5130775828799559,2.0082955592513456,-0.037568658166963316,2.0082956302453887,-0.22904642929628533,2.0082956539103396,0.4608054135122796,2.008297358141711,-0.2753231205234596,2.00830230911541,-0.4630240118575356,2.0083023565216895,-0.5130775828799559
2.00827497502995,-0.4905518992323796,2.00827497502995,-0.5005641901243507,2.0082749514828326,-0.48805079736874574,2.008274927935849,0.20516288102414726,2.0082713974053754,-0.337890084301485,2.0082701977111914,-0.5130775828799559,2.0082675408046353,-0.4229353935622921,2.0082651909833245,0.10508401924693442,2.008265167491857,-0.4004570480795102,2.008262490339592,-0.5130775828799559,2.0082594630212935,-0.41334584261778345,2.0082594395623747,-0.3186338623729148,2.008259392644937,0.01646736266689202,2.00825646136243,-0.4215385860959477,2.0082551488226192,-0.10149293714379636,2.0082882533674593,-0.48805079736874574,2.0082882769903407,-0.037568658166963316,2.008288489602335,-0.4505106191019305,2.0082886077248228,-0.5130775828799559,2.008288962112488,-0.5130775828799559,2.0082955355869347,0.10758669779805544,2.0082956302453887,-0.22904642929628533,2.0082956539103396,0.4608054135122796,2.008297358141711,-0.2753231205234596,2.008302332818482,-0.4630240118575356,2.0083023565216895,-0.5130775828799559,2.00830515445074,-0.5130775828799559,2.008306316856853,-0.4630240118575356,2.008307218538695,-0.037568658166963316,2.0083073134639613,0.4608054135122796
2.0082844282377073,-0.5130775828799559,2.0082844046367594,-0.10492746302664177,2.00827497502995,-0.5005641901243507,2.00827497502995,-0.4905518992323796,2.008274927935849,0.20516288102414726,2.0082713974053754,-0.337890084301485,2.0082701977111914,-0.5130775828799559,2.0082651909833245,0.10508401924693442,2.008265167491857,-0.4004570480795102,2.008262490339592,-0.5130775828799559,2.0082594630212935,-0.41334584261778345,2.0082594395623747,-0.3186338623729148,2.008259392644937,0.01646736266689202,2.00825646136243,-0.4215385860959477,2.0082551488226192,-0.10149293714379636,2.0082882297447124,-0.5130775828799559,2.0082882297447124,-0.48805079736874574,2.0082882533674593,-0.4505106191019305,2.0082882533674593,-0.5130775828799559,2.008288371483214,-0.5130775828799559,2.008288962112488,-0.5130775828799559,2.0082954409306413,-0.037568658166963316,2.0082955355869347,0.10758669779805544,2.0082956302453887,-0.22904642929628533,2.0082956539103396,0.4608054135122796,2.008297358141711,-0.2753231205234596,2.008302332818482,-0.4630240118575356,2.0083023565216895,-0.5130775828799559,2.00830515445074,-0.5130775828799559,2.008306316856853,-0.4630240118575356
2.008287096011194,-0.337890084301485,2.0082844282377073,-0.48805079736874574,2.0082844046367594,-0.10492746302664177,2.0082844046367594,0.05761087248482576,2.00827497502995,-0.5005641901243507,2.008274927935849,0.20516288102414726,2.0082713974053754,-0.337890084301485,2.0082701977111914,-0.5130775828799559,2.008265167491857,-0.4004570480795102,2.008265167491857,0.10508401924693442,2.008262490339592,-0.5130775828799559,2.0082594630212935,-0.41334584261778345,2.008259392644937,0.01646736266689202,2.00825646136243,-0.4215385860959477,2.0082551488226192,-0.10149293714379636,2.0082880407675843,-0.4004570480795102,2.008288064389254,-0.4505106191019305,2.008288064389254,-0.48805079736874574,2.0082881116329974,-0.4505106191019305,2.0082881116329974,-0.5130775828799559,2.0082882061221,-0.5130775828799559,2.0082885368509262,-0.48805079736874574,2.008288938485701,-0.5130775828799559,2.008288962112488,-0.5130775828799559,2.0082956302453887,-0.22904642929628533,2.0082956539103396,0.4608054135122796,2.008297358141711,-0.2753231205234596,2.0083023565216895,-0.5130775828799559,2.00830515445074,-0.5130775828799559,2.008306316856853,-0.4630240118575356
2.008286198692103,-0.337890084301485,2.008286198692103,-0.48805079736874574,2.0082844282377073,-0.4905518992323796,2.0082844282377073,-0.33285037793612876,2.0082844046367594,-0.10492746302664177,2.008274998577201,-0.5130775828799559,2.008274927935849,0.20516288102414726,2.0082713974053754,-0.337890084301485,2.0082701977111914,-0.5130775828799559,2.008265167491857,-0.4004570480795102,2.008265167491857,0.10508401924693442,2.008262490339592,-0.5130775828799559,2.008259416103589,-0.41334584261778345,2.008259392644937,0.01646736266689202,2.00825646136243,-0.4215385860959477,2.008288064389254,-0.4505106191019305,2.008288064389254,-0.48805079736874574,2.008288962112488,-0.5130775828799559,2.0082953936033046,-0.48805079736874574,2.0082954172669054,0.10758669779805544,2.0082956302453887,-0.22904642929628533,2.0082956539103396,0.4608054135122796,2.008297358141711,-0.2753231205234596,2.008302332818482,-0.4630240118575356,2.0083023565216895,-0.5130775828799559,2.00830515445074,-0.5130775828799559,2.008306316856853,-0.4630240118575356,2.008307218538695,-0.037568658166963316,2.0083073134639613,0.4608054135122796,2.0083125139351807,-0.5215393893291511
2.008284499041357,-0.5014753903580285,2.0082844282377073,-0.33285037793612876,2.0082844046367594,-0.10492746302664177,2.008274927935849,0.20516288102414726,2.0082713974053754,-0.337890084301485,2.0082701977111914,-0.5130775828799559,2.008265167491857,-0.4004570480795102,2.008265167491857,0.10508401924693442,2.008262490339592,-0.5130775828799559,2.008259416103589,-0.41334584261778345,2.008259392644937,0.01646736266689202,2.00825646136243,-0.4215385860959477,2.0082551488226192,-0.10149293714379636,2.008251588317249,0.5335444016408014,2.008251588317249,0.46725392768763274,2.008288962112488,-0.5130775828799559,2.0082952752873253,-0.48805079736874574,2.008295298950251,-0.48805079736874574,2.008295322613312,-0.037568658166963316,2.0082953936033046,-0.5130775828799559,2.0082954172669054,0.10758669779805544,2.008295606580573,-0.5130775828799559,2.0082956302453887,-0.22904642929628533,2.008297358141711,-0.2753231205234596,2.0083019535855704,0.4613899140878938,2.0083023565216895,-0.5130775828799559,2.00830515445074,-0.5130775828799559,2.008306316856853,-0.4630240118575356,2.008307218538695,-0.037568658166963316,2.0083125139351807,-0.5215393893291511
2.0082844518387892,-0.5130775828799559,2.0082844282377073,-0.33285037793612876,2.0082844282377073,-0.4905518992323796,2.0082844046367594,-0.10492746302664177,2.008274927935849,0.20516288102414726,2.0082713974053754,-0.337890084301485,2.0082701977111914,-0.5130775828799559,2.008265167491857,-0.4004570480795102,2.008265167491857,0.10508401924693442,2.008262490339592,-0.5130775828799559,2.008259416103589,-0.41334584261778345,2.008259392644937,0.01646736266689202,2.00825646136243,-0.4215385860959477,2.0082551488226192,-0.10149293714379636,2.008251588317249,0.5335444016408014,2.008288938485701,-0.4505106191019305,2.008288962112488,-0.5130775828799559,2.008288962112488,-0.48805079736874574,2.0082952752873253,-0.48805079736874574,2.008295298950251,0.10758669779805544,2.0082953936033046,-0.5130775828799559,2.0082956302453887,-0.22904642929628533,2.008297358141711,-0.2753231205234596,2.0083018587827555,-0.037568658166963316,2.0083019535855704,0.4613899140878938,2.0083023565216895,-0.5130775828799559,2.00830515445074,-0.5130775828799559,2.008306316856853,-0.4630240118575356,2.0083125139351807,-0.5215393893291511,2.00831353579709,-0.037568658166963316
2.0082844518387892,-0.5005641901243507,2.0082844282377073,-0.4905518992323796,2.0082844046367594,-0.10492746302664177,2.008274927935849,0.20516288102414726,2.0082713974053754,-0.337890084301485,2.0082701977111914,-0.5130775828799559,2.008265167491857,-0.4004570480795102,2.008265167491857,0.10508401924693442,2.008262490339592,-0.5130775828799559,2.008259416103589,-0.41334584261778345,2.008259392644937,0.01646736266689202,2.00825646136243,-0.4215385860959477,2.0082551488226192,-0.10149293714379636,2.00825114347002,-0.07743810438809239,2.008250932769652,-0.5005641901243507,2.008288962112488,-0.5130775828799559,2.0082952516245345,-0.48805079736874574,2.0082952752873253,-0.48805079736874574,2.008295298950251,0.10758669779805544,2.0082956302453887,-0.22904642929628533,2.008297358141711,-0.2753231205234596,2.0083018587827555,-0.037568658166963316,2.0083019535855704,0.4613899140878938,2.0083023565216895,-0.5130775828799559,2.00830515445074,-0.5130775828799559,2.008306316856853,-0.4630240118575356,2.0083125139351807,-0.5215393893291511,2.00831353579709,-0.037568658166963316,2.008313630866785,0.4613899140878938,2.0083207434876162,-0.037568658166963316
