2.0082974765171144,-0.48805079736874574,2.0082974528417634,-0.23221055327507487,2.0082751163154673,-0.3602004499999155,2.0082750927675463,-0.5130775828799559,2.0082737978382283,0.02958048479709495,2.008267916900043,-0.20460335601694588,2.0082636173501864,0.0285247173369118,2.008262020842567,-0.4755374046131407,2.008262020842567,0.10508401924693442,2.0082600729999576,-0.10483223610777166,2.008247750162374,-0.41334584261778345,2.008247726769943,-0.42150244741766957,2.0082445232607258,-0.42548383359072034,2.008243261247318,-0.21275615674543427,2.0082329692481045,2.9636367281320535,2.0082988262354777,-0.3647984961679626,2.0082988262354777,-0.48805079736874574,2.0082988262354777,-0.5130775828799559,2.0082988499186665,0.46282677692444896,2.008301503291483,-0.5130775828799559,2.0083015269899542,0.10508401924693442,2.0083019772866124,-0.5130775828799559,2.0083020009877894,-0.037568658166963316,2.008302095793852,0.20957084875623674,2.008302095793852,-0.12516240745619878,2.008302095793852,-0.5077656476552015,2.0083030202664505,-0.5130775828799559,2.008303921232681,-0.4630240118575356,2.008304182075189,-0.48178675562939566,2.008305367929513,-0.5036414711574164
2.0082974765171144,-0.48805079736874574,2.0082974528417634,-0.23221055327507487,2.0082752105084927,-0.22798596931381884,2.0082751163154673,-0.3602004499999155,2.0082750927675463,-0.5130775828799559,2.008267916900043,-0.20460335601694588,2.0082636173501864,0.10508401924693442,2.008262020842567,-0.4755374046131407,2.008247750162374,-0.41334584261778345,2.008247726769943,-0.42150244741766957,2.0082445232607258,-0.42548383359072034,2.008243261247318,-0.21275615674543427,2.0082329692481045,2.9636367281320535,2.008231594262794,-0.13883361438990896,2.008231594262794,-0.47653826330591226,2.0082988262354777,-0.3647984961679626,2.0082988262354777,-0.48805079736874574,2.0082988499186665,0.46282677692444896,2.008299134127478,-0.48805079736874574,2.008301503291483,0.10508401924693442,2.0083019772866124,-0.5130775828799559,2.008302095793852,0.20957084875623674,2.008302095793852,-0.12516240745619878,2.008302095793852,-0.5077656476552015,2.0083030202664505,-0.5130775828799559,2.008303921232681,-0.4630240118575356,2.008304182075189,-0.48178675562939566,2.008305367929513,-0.5036414711574164,2.0083073371956166,-0.5130775828799559,2.0083085239512917,-0.5130775828799559
2.0082974765171144,-0.48805079736874574,2.0082974528417634,-0.23221055327507487,2.0082752105084927,-0.22798596931381884,2.0082751163154673,-0.3602004499999155,2.0082750927675463,-0.5130775828799559,2.008267916900043,-0.20460335601694588,2.0082636173501864,0.10508401924693442,2.008262020842567,-0.4755374046131407,2.008247750162374,-0.41334584261778345,2.008247726769943,-0.42150244741766957,2.0082445232607258,-0.42548383359072034,2.008243261247318,-0.21275615674543427,2.0082329692481045,2.9636367281320535,2.008231594262794,-0.13883361438990896,2.008231594262794,-0.47653826330591226,2.0082988262354777,-0.3647984961679626,2.0082988262354777,-0.48805079736874574,2.0082988499186665,0.46282677692444896,2.008299134127478,-0.48805079736874574,2.0083014795931478,-0.5130775828799559,2.008301503291483,0.10508401924693442,2.0083020009877894,-0.037568658166963316,2.008302095793852,0.20957084875623674,2.008302095793852,-0.12516240745619878,2.008302095793852,-0.5077656476552015,2.0083030202664505,-0.5130775828799559,2.008303921232681,-0.4630240118575356,2.008304182075189,-0.48178675562939566,2.008305367929513,-0.5036414711574164,2.0083059372598977,-0.3600495259698902
2.0082974765171144,-0.48805079736874574,2.0082974528417634,-0.23221055327507487,2.0082752105084927,-0.22798596931381884,2.0082751163154673,-0.3602004499999155,2.0082750927675463,-0.5130775828799559,2.008267916900043,-0.20460335601694588,2.0082636173501864,0.004801839864228496,2.008262020842567,-0.4755374046131407,2.008262020842567,0.10508401924693442,2.0082600729999576,-0.06658786666363475,2.008247750162374,-0.41334584261778345,2.008247726769943,-0.42150244741766957,2.0082445232607258,-0.42548383359072034,2.008243261247318,-0.21275615674543427,2.0082359071959397,-0.3025887146727533,2.0082988262354777,-0.48805079736874574,2.0082988262354777,-0.4004570480795102,2.0082988499186665,0.46282677692444896,2.008299134127478,-0.48805079736874574,2.0083014795931478,-0.5130775828799559,2.0083014795931478,0.10508401924693442,2.0083020009877894,-0.037568658166963316,2.008302095793852,0.20957084875623674,2.008302095793852,-0.12516240745619878,2.008302095793852,-0.5077656476552015,2.008302095793852,0.7257482999249457,2.0083030202664505,-0.5130775828799559,2.008303921232681,-0.4630240118575356,2.008304182075189,-0.48178675562939566,2.008305367929513,-0.5036414711574164
2.0082974765171144,-0.48805079736874574,2.0082974528417634,-0.23221055327507487,2.0082752105084927,-0.22798596931381884,2.0082751163154673,-0.3602004499999155,2.0082750927675463,-0.5130775828799559,2.008267916900043,-0.20460335601694588,2.008262020842567,-0.4755374046131407,2.008262020842567,0.10508401924693442,2.0082600964624744,-0.41334584261778345,2.008247726769943,-0.42150244741766957,2.0082445232607258,-0.42548383359072034,2.008243261247318,-0.21275615674543427,2.008239500869851,-0.33050337850428024,2.008239500869851,-0.3442396050267485,2.0082329692481045,2.9636367281320535,2.0082988262354777,-0.48805079736874574,2.0082988262354777,-0.4004570480795102,2.0082988499186665,0.46282677692444896,2.008299134127478,-0.48805079736874574,2.0083014795931478,0.10508401924693442,2.0083020009877894,-0.037568658166963316,2.008302095793852,0.20957084875623674,2.008302095793852,-0.12516240745619878,2.008302095793852,-0.5077656476552015,2.008302095793852,0.7257482999249457,2.0083030202664505,-0.5130775828799559,2.008303921232681,-0.4630240118575356,2.008304182075189,-0.48178675562939566,2.008305367929513,-0.5036414711574164,2.0083059372598977,-0.3600495259698902
2.0082974765171144,-0.5005641901243507,2.0082974528417634,-0.23221055327507487,2.0082752105084927,-0.22798596931381884,2.0082751163154673,-0.3602004499999155,2.0082750927675463,-0.5130775828799559,2.008273986166396,-0.004438637475969839,2.0082706210929278,0.06922614150218277,2.008267916900043,-0.20460335601694588,2.008262020842567,-0.4755374046131407,2.008262020842567,0.10508401924693442,2.008247750162374,-0.41334584261778345,2.008247726769943,-0.42150244741766957,2.0082445232607258,-0.42548383359072034,2.008243261247318,-0.21275615674543427,2.008239500869851,-0.33050337850428024,2.0082988262354777,-0.48805079736874574,2.0082988262354777,-0.4004570480795102,2.0082988499186665,0.46282677692444896,2.008299134127478,-0.48805079736874574,2.008301455894947,-0.5130775828799559,2.0083020009877894,-0.037568658166963316,2.0083020009877894,0.10508401924693442,2.008302095793852,0.20957084875623674,2.008302095793852,-0.12516240745619878,2.008302095793852,-0.5077656476552015,2.008302095793852,0.7257482999249457,2.0083030202664505,-0.5130775828799559,2.008303921232681,-0.4630240118575356,2.008304182075189,-0.48178675562939566,2.008305367929513,-0.5036414711574164
2.0082974528417634,-0.28226412429749514,2.0082752105084927,-0.22798596931381884,2.0082751163154673,-0.3602004499999155,2.0082750927675463,-0.5130775828799559,2.008273986166396,-0.004438637475969839,2.0082706210929278,0.06922614150218277,2.008267916900043,-0.20460335601694588,2.008262020842567,-0.4755374046131407,2.008262020842567,0.10508401924693442,2.008247750162374,-0.41334584261778345,2.008247726769943,-0.42150244741766957,2.0082445232607258,-0.42548383359072034,2.008243261247318,-0.21275615674543427,2.008239500869851,-0.33050337850428024,2.008239500869851,-0.3442396050267485,2.0082988262354777,-0.48805079736874574,2.0082988262354777,-0.4004570480795102,2.0082988499186665,0.46282677692444896,2.0082990867579906,-0.48805079736874574,2.0083019772866124,-0.5130775828799559,2.0083020009877894,-0.037568658166963316,2.0083020009877894,0.10508401924693442,2.008302095793852,0.20957084875623674,2.008302095793852,-0.12516240745619878,2.008302095793852,-0.5077656476552015,2.008302095793852,0.7257482999249457,2.0083030202664505,-0.5130775828799559,2.008303921232681,-0.4630240118575356,2.008304182075189,-0.48178675562939566,2.008305367929513,-0.5036414711574164
2.0082974528417634,-0.36985787358673056,2.0082752105084927,-0.22798596931381884,2.0082751163154673,-0.3602004499999155,2.0082750927675463,-0.5130775828799559,2.008273986166396,-0.004438637475969839,2.0082706210929278,0.06922614150218277,2.008267916900043,-0.20460335601694588,2.0082636173501864,0.025005213003863068,2.008262020842567,-0.4755374046131407,2.008262020842567,0.10508401924693442,2.0082600729999576,-0.10009755620422611,2.008247750162374,-0.41334584261778345,2.008247726769943,-0.42150244741766957,2.0082445232607258,-0.42548383359072034,2.008243261247318,-0.21275615674543427,2.0082988262354777,-0.48805079736874574,2.0082988262354777,-0.4004570480795102,2.0082988499186665,0.46282677692444896,2.0082990867579906,-0.48805079736874574,2.0083019772866124,-0.5130775828799559,2.0083020009877894,-0.037568658166963316,2.0083020009877894,0.10508401924693442,2.008302095793852,0.20957084875623674,2.008302095793852,-0.12516240745619878,2.008302095793852,-0.5077656476552015,2.008302095793852,0.7257482999249457,2.0083030202664505,-0.5130775828799559,2.008303921232681,-0.4630240118575356,2.008304182075189,-0.48178675562939566,2.008305367929513,-0.5036414711574164
2.0082974528417634,-0.36985787358673056,2.0082752105084927,-0.22798596931381884,2.0082751163154673,-0.3602004499999155,2.0082750927675463,-0.5130775828799559,2.008273986166396,-0.004438637475969839,2.0082706210929278,0.06922614150218277,2.008267916900043,-0.20460335601694588,2.0082636173501864,0.10508401924693442,2.008262020842567,-0.4755374046131407,2.008247750162374,-0.41334584261778345,2.008247726769943,-0.42150244741766957,2.0082445232607258,-0.42548383359072034,2.008243261247318,-0.21275615674543427,2.0082395242156443,-0.3050291265815224,2.0082395242156443,-0.3028039700549352,2.0082988262354777,-0.48805079736874574,2.0082988262354777,-0.4004570480795102,2.0082988499186665,0.46282677692444896,2.0082990867579906,-0.48805079736874574,2.0083019772866124,-0.5130775828799559,2.0083019772866124,0.10508401924693442,2.0083020009877894,-0.037568658166963316,2.008302095793852,0.20957084875623674,2.008302095793852,-0.12516240745619878,2.008302095793852,-0.5077656476552015,2.008302095793852,0.7257482999249457,2.0083030202664505,-0.5130775828799559,2.008303921232681,-0.4630240118575356,2.008304182075189,-0.48178675562939566,2.008305367929513,-0.5036414711574164
2.0082974528417634,-0.36985787358673056,2.0082752105084927,-0.22798596931381884,2.0082751163154673,-0.3602004499999155,2.0082750927675463,-0.5130775828799559,2.008273986166396,-0.004438637475969839,2.0082706210929278,0.06922614150218277,2.008267916900043,-0.20460335601694588,2.0082636173501864,0.10508401924693442,2.0082636173501864,-0.026927606829201187,2.008262020842567,-0.4755374046131407,2.0082600729999576,-0.045088844324692054,2.008247750162374,-0.41334584261778345,2.008247726769943,-0.42150244741766957,2.0082445232607258,-0.42548383359072034,2.008243261247318,-0.21275615674543427,2.0082988262354777,-0.48805079736874574,2.0082988262354777,-0.4004570480795102,2.0082988499186665,0.46282677692444896,2.0082990867579906,-0.48805079736874574,2.0083019772866124,-0.5130775828799559,2.0083019772866124,0.10508401924693442,2.0083020009877894,-0.037568658166963316,2.008302095793852,0.20957084875623674,2.008302095793852,-0.12516240745619878,2.008302095793852,-0.5077656476552015,2.008302095793852,0.7257482999249457,2.0083030202664505,-0.5130775828799559,2.008303921232681,-0.4630240118575356,2.008304182075189,-0.48178675562939566,2.008305367929513,-0.5036414711574164
2.0082974528417634,-0.36985787358673056,2.0082752105084927,-0.22798596931381884,2.0082751163154673,-0.3602004499999155,2.0082750927675463,-0.5130775828799559,2.008273986166396,-0.004438637475969839,2.0082706210929278,0.06922614150218277,2.008267916900043,-0.20460335601694588,2.0082636173501864,0.10508401924693442,2.008262020842567,-0.4755374046131407,2.008247750162374,-0.41334584261778345,2.008247726769943,-0.42150244741766957,2.0082445232607258,-0.42548383359072034,2.008243261247318,-0.21275615674543427,2.008239570907628,-0.34641807408496456,2.0082329692481045,2.9636367281320535,2.0082988262354777,-0.48805079736874574,2.0082988262354777,-0.4004570480795102,2.0082988499186665,0.46282677692444896,2.0082990867579906,-0.48805079736874574,2.0083019772866124,-0.5130775828799559,2.0083019772866124,0.10508401924693442,2.0083020009877894,-0.037568658166963316,2.008302095793852,0.20957084875623674,2.008302095793852,-0.12516240745619878,2.008302095793852,-0.5077656476552015,2.008302095793852,0.7257482999249457,2.0083030202664505,-0.5130775828799559,2.008303921232681,-0.4630240118575356,2.008304182075189,-0.48178675562939566,2.008305367929513,-0.5036414711574164
2.0082751163154673,-0.3602004499999155,2.0082750927675463,-0.5130775828799559,2.008273986166396,-0.004438637475969839,2.0082706210929278,0.06922614150218277,2.008267916900043,-0.20460335601694588,2.0082636173501864,0.014578878972394365,2.008262020842567,-0.4755374046131407,2.008262020842567,0.10508401924693442,2.0082600964624744,-0.41334584261778345,2.0082600729999576,-0.05470710099218206,2.008247726769943,-0.42150244741766957,2.0082445232607258,-0.42548383359072034,2.008243261247318,-0.21275615674543427,2.0082359071959397,3.121781911768454,2.008231594262794,-0.13883361438990896,2.0082987788695053,-0.48805079736874574,2.008298802552424,-0.4505106191019305,2.0082988499186665,0.46282677692444896,2.0083019772866124,0.10508401924693442,2.0083020009877894,-0.037568658166963316,2.008302095793852,0.20957084875623674,2.008302095793852,-0.12516240745619878,2.008302095793852,-0.5077656476552015,2.008302095793852,0.7257482999249457,2.0083030202664505,-0.5130775828799559,2.008303921232681,-0.4630240118575356,2.008304182075189,-0.48178675562939566,2.008305367929513,-0.5036414711574164,2.0083059372598977,-0.3600495259698902,2.0083073371956166,-0.5130775828799559
2.008275234057084,-0.3602004499999155,2.0082752105084927,-0.2599537585990645,2.008275139863523,-0.5005641901243507,2.0082750927675463,-0.5130775828799559,2.0082706210929278,0.06922614150218277,2.008267916900043,-0.20460335601694588,2.008262020842567,-0.4755374046131407,2.008262020842567,0.10508401924693442,2.008247726769943,-0.42150244741766957,2.0082445232607258,-0.42548383359072034,2.008243261247318,-0.21275615674543427,2.0082359071959397,3.121781911768454,2.008231594262794,-0.13883361438990896,2.008231594262794,-0.47653826330591226,2.0082292648278166,-0.1867564174072976,2.0082987315040737,-0.48805079736874574,2.008298755186722,-0.4505106191019305,2.0082987788695053,-0.4004570480795102,2.008298802552424,-0.5130775828799559,2.0082988262354777,-0.48805079736874574,2.0082988499186665,0.46282677692444896,2.0083019772866124,0.10508401924693442,2.0083020009877894,-0.037568658166963316,2.008302095793852,0.20957084875623674,2.008302095793852,-0.12516240745619878,2.008302095793852,-0.5077656476552015,2.008302095793852,0.7257482999249457,2.0083030202664505,-0.5130775828799559,2.008303921232681,-0.4630240118575356,2.008304182075189,-0.48178675562939566
2.0082753518020517,-0.3602004499999155,2.00827532825279,-0.2599537585990645,2.008275139863523,-0.5005641901243507,2.0082750927675463,-0.5130775828799559,2.0082706210929278,0.06922614150218277,2.008267916900043,-0.20460335601694588,2.008262044316151,0.10508401924693442,2.008262020842567,-0.4755374046131407,2.008247750162374,-0.41334584261778345,2.008247726769943,-0.42150244741766957,2.0082445232607258,-0.42548383359072034,2.008243261247318,-0.21275615674543427,2.0082359071959397,3.121781911768454,2.008231594262794,-0.13883361438990896,2.008231594262794,-0.47653826330591226,2.00829866045694,-0.4004570480795102,2.0082986841391826,-0.48805079736874574,2.008298755186722,0.10508401924693442,2.0082988262354777,-0.48805079736874574,2.0082988499186665,0.46282677692444896,2.0083020009877894,-0.037568658166963316,2.008302095793852,0.20957084875623674,2.008302095793852,-0.12516240745619878,2.008302095793852,-0.5077656476552015,2.008302095793852,0.7257482999249457,2.0083030202664505,-0.5130775828799559,2.008303921232681,-0.4630240118575356,2.008304182075189,-0.48178675562939566,2.008305367929513,-0.5036414711574164,2.0083059372598977,-0.3600495259698902
2.00827546955037,-0.3602004499999155,2.008275446000438,-0.2599537585990645,2.008275139863523,-0.5005641901243507,2.0082750927675463,-0.5130775828799559,2.008267916900043,-0.2596162223428748,2.0082636173501864,0.04054983750719316,2.008262044316151,0.10508401924693442,2.008262020842567,-0.4755374046131407,2.0082600729999576,-0.08931704310420274,2.0082445466349887,-0.41334584261778345,2.0082445232607258,-0.42548383359072034,2.008243261247318,-0.21275615674543427,2.008231594262794,-0.13883361438990896,2.008231594262794,-0.47653826330591226,2.0082292648278166,-0.1867564174072976,2.0082985894110226,-0.4505106191019305,2.00829861309286,-0.4004570480795102,2.00829861309286,-0.48805079736874574,2.00829861309286,-0.5130775828799559,2.0082987315040737,-0.48805079736874574,2.008298755186722,0.10508401924693442,2.0082988499186665,0.46282677692444896,2.0083020009877894,-0.037568658166963316,2.008302095793852,0.20957084875623674,2.008302095793852,-0.12516240745619878,2.008302095793852,-0.5077656476552015,2.008302095793852,0.7257482999249457,2.0083030202664505,-0.5130775828799559,2.008303921232681,-0.4630240118575356,2.008304182075189,-0.48178675562939566
2.00827546955037,-0.3602004499999155,2.0082750927675463,-0.5130775828799559,2.008267916900043,-0.2596162223428748,2.008262044316151,0.10508401924693442,2.008262020842567,-0.4755374046131407,2.0082445466349887,-0.41334584261778345,2.0082445232607258,-0.42548383359072034,2.008243261247318,-0.21275615674543427,2.008239500869851,-0.32307032310030875,2.008239500869851,-0.3241770325824,2.008231594262794,-0.13883361438990896,2.008231594262794,-0.47653826330591226,2.0082292648278166,-0.1867564174072976,2.008223702815515,0.25957574268083766,2.008223702815515,0.2841231150887951,2.0082985420477537,-0.48805079736874574,2.0082985657293206,-0.4004570480795102,2.00829861309286,-0.48805079736874574,2.008298755186722,0.10508401924693442,2.0082988499186665,0.46282677692444896,2.0083020009877894,-0.037568658166963316,2.008302095793852,0.20957084875623674,2.008302095793852,-0.12516240745619878,2.008302095793852,-0.5077656476552015,2.008302095793852,0.7257482999249457,2.0083030202664505,-0.5130775828799559,2.008303921232681,-0.4630240118575356,2.008304182075189,-0.48178675562939566,2.008305367929513,-0.5036414711574164,2.0083059372598977,-0.3600495259698902
2.008275610852775,-0.3602004499999155,2.008275587302039,-0.5005641901243507,2.0082750927675463,-0.5130775828799559,2.008267916900043,-0.2596162223428748,2.008263640832843,0.10508401924693442,2.008262020842567,-0.4755374046131407,2.0082600729999576,-0.06830464158274,2.0082445466349887,-0.41334584261778345,2.0082445232607258,-0.42548383359072034,2.008243261247318,-0.21275615674543427,2.008239500869851,-0.32307032310030875,2.008239500869851,-0.3241770325824,2.008231594262794,-0.13883361438990896,2.008231594262794,-0.47653826330591226,2.0082292648278166,-0.1867564174072976,2.0082984473228374,-0.4004570480795102,2.008298471003864,-0.48805079736874574,2.0082984946850253,-0.4505106191019305,2.0082984946850253,-0.5130775828799559,2.008298518366322,-0.48805079736874574,2.008298518366322,0.10508401924693442,2.0082988499186665,0.46282677692444896,2.0083020009877894,-0.037568658166963316,2.008302095793852,0.20957084875623674,2.008302095793852,-0.12516240745619878,2.008302095793852,-0.5077656476552015,2.008302095793852,0.7257482999249457,2.0083030202664505,-0.5130775828799559,2.008303921232681,-0.4630240118575356,2.008304182075189,-0.48178675562939566
2.0082757521600056,-0.4102540210223358,2.0082757286084654,-0.48805079736874574,2.008275587302039,-0.5005641901243507,2.0082750927675463,-0.5130775828799559,2.008267916900043,-0.2596162223428748,2.008263640832843,0.10508401924693442,2.008262020842567,-0.4755374046131407,2.0082477735549378,-0.41334584261778345,2.0082445232607258,-0.42548383359072034,2.008243261247318,-0.21275615674543427,2.008239500869851,-0.32307032310030875,2.008239500869851,-0.3241770325824,2.008231594262794,-0.13883361438990896,2.008231594262794,-0.47653826330591226,2.0082292648278166,-0.1867564174072976,2.0082983762805697,-0.48805079736874574,2.0082983762805697,-0.4505106191019305,2.0082983999611903,-0.4004570480795102,2.0082984236419463,-0.48805079736874574,2.008298471003864,-0.5130775828799559,2.008298518366322,0.10508401924693442,2.0082988499186665,0.46282677692444896,2.0083020009877894,-0.037568658166963316,2.008302095793852,0.20957084875623674,2.008302095793852,-0.12516240745619878,2.008302095793852,-0.5077656476552015,2.008302095793852,0.7257482999249457,2.0083030202664505,-0.5130775828799559,2.008303921232681,-0.4630240118575356,2.008304182075189,-0.48178675562939566
2.0082758699197174,-0.4102540210223358,2.008275587302039,-0.5005641901243507,2.0082750927675463,-0.5130775828799559,2.008267916900043,-0.2596162223428748,2.008262044316151,0.10508401924693442,2.008262020842567,-0.4755374046131407,2.00826042495171,0.5481716067542544,2.0082600729999576,-0.07392770980496974,2.008256648902189,-0.1492619130240403,2.0082531807951773,-0.3464012936252793,2.0082445466349887,-0.41334584261778345,2.0082445232607258,-0.42548383359072034,2.008243261247318,-0.21275615674543427,2.0082359071959397,3.1440938666677645,2.008231594262794,-0.13883361438990896,2.008298305239518,-0.48805079736874574,2.008298305239518,-0.4505106191019305,2.008298328919733,-0.48805079736874574,2.0082983526000837,0.10508401924693442,2.0082983762805697,-0.5130775828799559,2.0082988499186665,0.46282677692444896,2.0083020009877894,-0.037568658166963316,2.008302095793852,0.20957084875623674,2.008302095793852,-0.12516240745619878,2.008302095793852,-0.5077656476552015,2.008302095793852,0.7257482999249457,2.0083030202664505,-0.5130775828799559,2.008303921232681,-0.4630240118575356,2.008304182075189,-0.48178675562939566,2.008305367929513,-0.5036414711574164
2.0082759876827803,-0.4102540210223358,2.0082759641298997,-0.2599537585990645,2.0082750927675463,-0.5130775828799559,2.008267916900043,-0.2596162223428748,2.008262044316151,0.10508401924693442,2.008262020842567,-0.4755374046131407,2.00826042495171,0.5481716067542544,2.0082600964624744,-0.41334584261778345,2.0082445232607258,-0.42548383359072034,2.008243261247318,-0.21275615674543427,2.0082359071959397,3.1440938666677645,2.008231594262794,-0.13883361438990896,2.008231594262794,-0.47653826330591226,2.0082292648278166,-0.1867564174072976,2.008223702815515,0.25957574268083766,2.008298210520008,-0.4004570480795102,2.0082982341996827,-0.48805079736874574,2.008298257879493,-0.5130775828799559,2.008298257879493,-0.4505106191019305,2.0082983526000837,0.10508401924693442,2.0082988499186665,0.46282677692444896,2.0083020009877894,-0.037568658166963316,2.008302095793852,0.20957084875623674,2.008302095793852,-0.12516240745619878,2.008302095793852,-0.5077656476552015,2.008302095793852,0.7257482999249457,2.0083030202664505,-0.5130775828799559,2.008303921232681,-0.4630240118575356,2.008304182075189,-0.48178675562939566,2.008305367929513,-0.5036414711574164
2.008276034788944,-0.48805079736874574,2.0082760112357954,-0.5005641901243507,2.0082760112357954,-0.2599537585990645,2.0082759876827803,-0.4102540210223358,2.0082750927675463,-0.5130775828799559,2.008267940407142,-0.20086634389101923,2.008267916900043,-0.2596162223428748,2.0082636173501864,0.009103906753427265,2.008262044316151,0.10508401924693442,2.008262020842567,-0.4755374046131407,2.0082604484162268,0.013065033743606784,2.00826042495171,0.5481716067542544,2.0082445466349887,-0.41334584261778345,2.0082445232607258,-0.42548383359072034,2.008243261247318,-0.21275615674543427,2.0082981158026603,-0.48805079736874574,2.0082981394817945,-0.5130775828799559,2.0082981394817945,-0.4505106191019305,2.0082981631610637,-0.3647984961679626,2.0082981631610637,-0.48805079736874574,2.0082981868404683,0.10508401924693442,2.0082988499186665,0.46282677692444896,2.0083020009877894,-0.037568658166963316,2.008302095793852,0.20957084875623674,2.008302095793852,-0.12516240745619878,2.008302095793852,-0.5077656476552015,2.008302095793852,0.7257482999249457,2.0083030202664505,-0.5130775828799559,2.008303921232681,-0.4630240118575356,2.008304182075189,-0.48178675562939566
2.008276034788944,-0.48805079736874574,2.0082760112357954,-0.5005641901243507,2.0082760112357954,-0.2599537585990645,2.0082759876827803,-0.4102540210223358,2.0082750927675463,-0.5130775828799559,2.008267940407142,-0.20086634389101923,2.008262044316151,0.10508401924693442,2.008262020842567,-0.4755374046131407,2.00826042495171,0.5481716067542544,2.0082445466349887,-0.41334584261778345,2.0082445232607258,-0.42548383359072034,2.008243261247318,-0.21275615674543427,2.008235930521373,-0.31675417559352437,2.008235930521373,-0.3348160567505357,2.0082359071959397,3.1440938666677645,2.0082980210874743,-0.48805079736874574,2.008298044766068,-0.5130775828799559,2.008298044766068,-0.4004570480795102,2.008298044766068,0.10508401924693442,2.008298068444797,-0.48805079736874574,2.008298068444797,-0.4505106191019305,2.008298068444797,-0.5130775828799559,2.0082988499186665,0.46282677692444896,2.0083020009877894,-0.037568658166963316,2.008302095793852,0.20957084875623674,2.008302095793852,-0.12516240745619878,2.008302095793852,-0.5077656476552015,2.008302095793852,0.7257482999249457,2.0083030202664505,-0.5130775828799559,2.008303921232681,-0.4630240118575356
2.0082761525566992,-0.4102540210223358,2.0082761290028803,-0.2724671513546696,2.0082760112357954,-0.5005641901243507,2.0082750927675463,-0.5130775828799559,2.008267963914375,-0.1742589166604921,2.008267940407142,-0.3292068033139082,2.008262044316151,0.10508401924693442,2.008262020842567,-0.4755374046131407,2.00826042495171,0.5481716067542544,2.0082445466349887,-0.41334584261778345,2.0082445232607258,-0.42548383359072034,2.008243261247318,-0.21275615674543427,2.0082359538469383,3.3628236173750623,2.008235930521373,-0.31675417559352437,2.008235930521373,-0.3348160567505357,2.008297950052504,-0.48805079736874574,2.0082979737306923,-0.4505106191019305,2.008297997409016,-0.3647984961679626,2.0082980210874743,-0.5130775828799559,2.0082980210874743,-0.48805079736874574,2.008298044766068,-0.5130775828799559,2.008298044766068,0.10508401924693442,2.0082988499186665,0.46282677692444896,2.0083020009877894,-0.037568658166963316,2.008302095793852,0.20957084875623674,2.008302095793852,-0.12516240745619878,2.008302095793852,-0.5077656476552015,2.008302095793852,0.7257482999249457,2.0083030202664505,-0.5130775828799559,2.008303921232681,-0.4630240118575356
2.008278508615855,-0.5005641901243507,2.0082784850486233,-0.48805079736874574,2.0082784614815257,1.6943231526504319,2.008276034788944,-0.4102540210223358,2.0082760112357954,-0.2724671513546696,2.0082750927675463,-0.5130775828799559,2.0082739390835505,-0.1080384926799693,2.0082679874217413,-0.16128808431931313,2.008262044316151,0.10508401924693442,2.008262020842567,-0.4755374046131407,2.00826042495171,0.5481716067542544,2.0082445466349887,-0.41334584261778345,2.0082445232607258,-0.42548383359072034,2.008243261247318,-0.21275615674543427,2.008239500869851,-0.3295352673603501,2.0082977843089695,-0.4004570480795102,2.0082977843089695,-0.48805079736874574,2.008297807986212,-0.4505106191019305,2.008297807986212,0.10508401924693442,2.008297807986212,-0.5130775828799559,2.0082988499186665,0.46282677692444896,2.0083020009877894,-0.037568658166963316,2.008302095793852,0.20957084875623674,2.008302095793852,-0.12516240745619878,2.008302095793852,-0.5077656476552015,2.008302095793852,0.7257482999249457,2.0083030202664505,-0.5130775828799559,2.008303921232681,-0.4630240118575356,2.008304182075189,-0.48178675562939566,2.008305367929513,-0.5036414711574164
2.008278508615855,-0.5005641901243507,2.008278508615855,-0.2724671513546696,2.0082784614815257,1.6943231526504319,2.0082750927675463,-0.5130775828799559,2.0082739390835505,-0.1080384926799693,2.0082679874217413,-0.16128808431931313,2.0082679874217413,-0.2857016283678164,2.008262044316151,0.10508401924693442,2.008262020842567,-0.4755374046131407,2.0082604484162268,0.4530874156418702,2.00826042495171,0.5481716067542544,2.0082445466349887,-0.41334584261778345,2.0082445232607258,-0.42548383359072034,2.008243261247318,-0.21275615674543427,2.0082359538469383,3.3628236173750623,2.0082977132780533,-0.48805079736874574,2.0082977369548902,-0.4004570480795102,2.0082977606318626,-0.4505106191019305,2.0082977606318626,-0.48805079736874574,2.0082977843089695,-0.5130775828799559,2.008297807986212,0.10508401924693442,2.008297807986212,-0.5130775828799559,2.0082988499186665,0.46282677692444896,2.0083020009877894,-0.037568658166963316,2.008302095793852,0.20957084875623674,2.008302095793852,-0.12516240745619878,2.008302095793852,-0.5077656476552015,2.008302095793852,0.7257482999249457,2.0083030202664505,-0.5130775828799559,2.008303921232681,-0.4630240118575356
2.008278650022063,-0.4102540210223358,2.008278626454026,-0.2724671513546696,2.008278508615855,-0.5005641901243507,2.0082784614815257,1.6943231526504319,2.008277495346044,-0.04314372501458254,2.0082750927675463,-0.5130775828799559,2.0082739390835505,-0.1080384926799693,2.0082680109292412,-0.16517819780560467,2.0082679874217413,-0.2857016283678164,2.008262044316151,0.10508401924693442,2.008262020842567,-0.4755374046131407,2.00826042495171,0.5481716067542544,2.0082445466349887,-0.41334584261778345,2.0082445232607258,-0.42548383359072034,2.008243261247318,-0.21275615674543427,2.008297594895895,-0.48805079736874574,2.0082976185720565,-0.3850283601600608,2.008297642248353,-0.4505106191019305,2.0082976659247844,-0.48805079736874574,2.0082976896013514,0.10508401924693442,2.0082976896013514,-0.5130775828799559,2.008297807986212,-0.5130775828799559,2.0082988499186665,0.46282677692444896,2.0083020009877894,-0.037568658166963316,2.008302095793852,0.20957084875623674,2.008302095793852,-0.12516240745619878,2.008302095793852,-0.5077656476552015,2.008302095793852,0.7257482999249457,2.0083030202664505,-0.5130775828799559,2.008303921232681,-0.4630240118575356
2.00827876786426,-0.4102540210223358,2.008278744295552,-0.2724671513546696,2.0082784614815257,1.6943231526504319,2.008277495346044,-0.04314372501458254,2.0082750927675463,-0.5130775828799559,2.0082739390835505,-0.1080384926799693,2.0082680109292412,-0.16517819780560467,2.008262044316151,0.10508401924693442,2.008262020842567,-0.4755374046131407,2.00826042495171,0.5481716067542544,2.0082445466349887,-0.41334584261778345,2.0082445232607258,-0.42548383359072034,2.008243261247318,-0.21275615674543427,2.0082359538469383,3.3628236173750623,2.008231594262794,-0.13883361438990896,2.008297523868221,-0.48805079736874574,2.008297547543977,-0.4505106191019305,2.008297547543977,-0.48805079736874574,2.008297547543977,-0.5130775828799559,2.0082975712198685,-0.4004570480795102,2.0082975712198685,0.10508401924693442,2.0082988499186665,0.46282677692444896,2.0083020009877894,-0.037568658166963316,2.008302095793852,0.20957084875623674,2.008302095793852,-0.12516240745619878,2.008302095793852,-0.5077656476552015,2.008302095793852,0.7257482999249457,2.0083030202664505,-0.5130775828799559,2.008303921232681,-0.4630240118575356,2.008304182075189,-0.48178675562939566
2.008278791433102,-0.5005641901243507,2.008278791433102,-0.2724671513546696,2.00827876786426,-0.4102540210223358,2.0082784614815257,1.6943231526504319,2.008277495346044,-0.04314372501458254,2.0082750927675463,-0.5130775828799559,2.0082739390835505,-0.1080384926799693,2.0082680109292412,-0.16517819780560467,2.0082680109292412,-0.3235483847571439,2.008262044316151,0.10508401924693442,2.008262020842567,-0.4755374046131407,2.00826042495171,0.5481716067542544,2.0082445466349887,-0.41334584261778345,2.0082445232607258,-0.42548383359072034,2.008243261247318,-0.21275615674543427,2.0082974528417634,-0.3647984961679626,2.0082974528417634,-0.48805079736874574,2.0082974765171144,-0.48805079736874574,2.0082974765171144,-0.4505106191019305,2.0082974765171144,-0.5130775828799559,2.0082975001926,-0.5130775828799559,2.0082975712198685,0.10508401924693442,2.0082988499186665,0.46282677692444896,2.0083020009877894,-0.037568658166963316,2.008302095793852,0.20957084875623674,2.008302095793852,-0.12516240745619878,2.008302095793852,-0.5077656476552015,2.008302095793852,0.7257482999249457,2.0083030202664505,-0.5130775828799559,2.008303921232681,-0.4630240118575356
2.008278815002078,-0.48805079736874574,2.008278791433102,-0.5130775828799559,2.008278791433102,-0.2724671513546696,2.00827876786426,-0.4102540210223358,2.0082784614815257,1.6943231526504319,2.008277495346044,-0.04314372501458254,2.0082750927675463,-0.5130775828799559,2.0082739390835505,-0.1080384926799693,2.0082680344368753,-0.1551797467260211,2.0082680344368753,-0.30141064131177686,2.008262044316151,0.10508401924693442,2.008262020842567,-0.4755374046131407,2.00826042495171,0.5481716067542544,2.008247984093984,-0.47239789447790137,2.0082445466349887,-0.41334584261778345,2.008297358141711,-0.48805079736874574,2.0082973818165217,-0.4004570480795102,2.0082974054914673,-0.4505106191019305,2.008297429166548,-0.5130775828799559,2.008297429166548,-0.48805079736874574,2.0082974528417634,0.10508401924693442,2.0082975001926,-0.5130775828799559,2.0082988499186665,0.46282677692444896,2.0083020009877894,-0.037568658166963316,2.008302095793852,0.20957084875623674,2.008302095793852,-0.12516240745619878,2.008302095793852,-0.5077656476552015,2.008302095793852,0.7257482999249457,2.0083030202664505,-0.5130775828799559,2.008303921232681,-0.4630240118575356
2.0082784614815257,1.6317561888724066,2.008277495346044,-0.04314372501458254,2.0082751163154673,-0.4102540210223358,2.0082750927675463,-0.5130775828799559,2.0082739390835505,-0.1080384926799693,2.0082680579446426,-0.15294681938253266,2.008262044316151,0.10508401924693442,2.008262020842567,-0.4755374046131407,2.00826042495171,0.5481716067542544,2.008248007487875,-0.41334584261778345,2.008247984093984,-0.47239789447790137,2.0082445232607258,-0.42548383359072034,2.008243261247318,-0.21275615674543427,2.0082359538469383,3.3628236173750623,2.008231594262794,-0.13883361438990896,2.0082971687480917,-0.4004570480795102,2.0082971687480917,-0.48805079736874574,2.0082971924218214,0.10508401924693442,2.008297216095686,-0.4505106191019305,2.008297239769686,-0.5005641901243507,2.008297287118091,-0.5130775828799559,2.0082988262354777,-0.48805079736874574,2.0082988499186665,0.46282677692444896,2.0083020009877894,-0.037568658166963316,2.008302095793852,0.20957084875623674,2.008302095793852,-0.12516240745619878,2.008302095793852,-0.5077656476552015,2.008302095793852,0.7257482999249457,2.0083030202664505,-0.5130775828799559,2.008303921232681,-0.4630240118575356
2.0082784614815257,1.5942160106055914,2.008277495346044,-0.04314372501458254,2.0082752105084927,-0.36006090064390506,2.0082751163154673,-0.4102540210223358,2.0082750927675463,-0.5130775828799559,2.0082739390835505,-0.1080384926799693,2.0082680579446426,-0.15294681938253266,2.008262044316151,0.10508401924693442,2.008262020842567,-0.4755374046131407,2.00826042495171,0.5481716067542544,2.008248007487875,-0.41334584261778345,2.008247984093984,-0.47239789447790137,2.0082445232607258,-0.42548383359072034,2.008243261247318,-0.21275615674543427,2.008239500869851,3.2819018714557955,2.0082971450744975,-0.48805079736874574,2.0082971450744975,-0.4505106191019305,2.0082971450744975,-0.5130775828799559,2.0082971687480917,-0.48805079736874574,2.0082971687480917,-0.5130775828799559,2.0082971924218214,0.10508401924693442,2.008297239769686,-0.5005641901243507,2.0082988499186665,0.46282677692444896,2.0083020009877894,-0.037568658166963316,2.008302095793852,0.20957084875623674,2.008302095793852,-0.12516240745619878,2.008302095793852,-0.5077656476552015,2.008302095793852,0.7257482999249457,2.0083030202664505,-0.5130775828799559,2.008303921232681,-0.4630240118575356
2.0082784614815257,1.5942160106055914,2.008277495346044,-0.04314372501458254,2.0082752105084927,-0.36006090064390506,2.0082750927675463,-0.5130775828799559,2.0082739390835505,-0.1080384926799693,2.008268081452544,-0.16322889902231477,2.008262044316151,0.10508401924693442,2.008262020842567,-0.4755374046131407,2.0082604484162268,0.4495337998001698,2.00826042495171,0.5481716067542544,2.008248007487875,-0.41334584261778345,2.008247984093984,-0.47239789447790137,2.0082445232607258,-0.42548383359072034,2.008243261247318,-0.21275615674543427,2.008239500869851,3.2819018714557955,2.008297026708551,-0.48805079736874574,2.0082970503814703,-0.48805079736874574,2.0082970503814703,-0.5130775828799559,2.0082970503814703,-0.4505106191019305,2.0082970740545245,-0.38571025247149204,2.0082970740545245,-0.48805079736874574,2.008297121401038,0.10508401924693442,2.0082988499186665,0.46282677692444896,2.0083020009877894,-0.037568658166963316,2.008302095793852,0.20957084875623674,2.008302095793852,-0.12516240745619878,2.008302095793852,-0.5077656476552015,2.008302095793852,0.7257482999249457,2.0083030202664505,-0.5130775828799559,2.008303921232681,-0.4630240118575356
2.008278555750721,-0.36006090064390506,2.008278555750721,-0.48805079736874574,2.008278508615855,-0.4102540210223358,2.0082784614815257,1.5942160106055914,2.008277495346044,-0.04314372501458254,2.0082750927675463,-0.5130775828799559,2.0082739390835505,-0.1080384926799693,2.008268081452544,-0.16322889902231477,2.008262044316151,0.10508401924693442,2.008262020842567,-0.4755374046131407,2.00826042495171,0.5481716067542544,2.008248007487875,-0.41334584261778345,2.008247984093984,-0.47239789447790137,2.0082445232607258,-0.42548383359072034,2.008243261247318,-0.21275615674543427,2.0082969793631182,-0.48805079736874574,2.0082969793631182,-0.3647984961679626,2.0082970030357674,0.10508401924693442,2.008297026708551,-0.48805079736874574,2.0082970503814703,-0.48805079736874574,2.0082970503814703,-0.5130775828799559,2.0082988499186665,0.46282677692444896,2.0083020009877894,-0.037568658166963316,2.008302095793852,0.20957084875623674,2.008302095793852,-0.12516240745619878,2.008302095793852,-0.5077656476552015,2.008302095793852,0.7257482999249457,2.0083030202664505,-0.5130775828799559,2.008303921232681,-0.4630240118575356,2.008304182075189,-0.48178675562939566
2.008278626454026,-0.4102540210223358,2.0082786028861235,-0.36006090064390506,2.0082784614815257,1.5942160106055914,2.008277495346044,-0.04314372501458254,2.0082750927675463,-0.5130775828799559,2.0082739390835505,-0.1080384926799693,2.008268081452544,-0.16322889902231477,2.008262044316151,0.10508401924693442,2.008262020842567,-0.4755374046131407,2.00826042495171,0.5481716067542544,2.008248007487875,-0.41334584261778345,2.008247984093984,-0.47239789447790137,2.0082445232607258,-0.42548383359072034,2.008243261247318,-0.21275615674543427,2.008239500869851,3.2819018714557955,2.008296908345982,-0.48805079736874574,2.008296932018226,-0.4505106191019305,2.0082969556906045,-0.5130775828799559,2.0082970030357674,0.10508401924693442,2.008297026708551,-0.48805079736874574,2.0082988499186665,0.46282677692444896,2.0083020009877894,-0.037568658166963316,2.008302095793852,0.20957084875623674,2.008302095793852,-0.12516240745619878,2.008302095793852,-0.5077656476552015,2.008302095793852,0.7257482999249457,2.0083030202664505,-0.5130775828799559,2.008303921232681,-0.4630240118575356,2.008304182075189,-0.48178675562939566,2.0083047512429997,-0.3098445178683416
2.008278744295552,-0.4102540210223358,2.0082787207269788,-0.36006090064390506,2.0082784850486233,-0.48805079736874574,2.0082784614815257,1.5942160106055914,2.008277495346044,-0.04314372501458254,2.0082750927675463,-0.5130775828799559,2.0082739390835505,-0.1080384926799693,2.0082681049605786,-0.18081807425459037,2.008268081452544,-0.16322889902231477,2.008268081452544,-0.3550170148053685,2.008262044316151,0.10508401924693442,2.008262020842567,-0.4755374046131407,2.00826042495171,0.5481716067542544,2.008248007487875,-0.41334584261778345,2.008247984093984,-0.47239789447790137,2.008296837330062,-0.48805079736874574,2.008296837330062,-0.4505106191019305,2.0082968610019,-0.4004570480795102,2.0082968610019,-0.5130775828799559,2.0082968610019,-0.48805079736874574,2.008296884673874,0.10508401924693442,2.008297026708551,-0.48805079736874574,2.0082988499186665,0.46282677692444896,2.0083020009877894,-0.037568658166963316,2.008302095793852,0.20957084875623674,2.008302095793852,-0.12516240745619878,2.008302095793852,-0.5077656476552015,2.008302095793852,0.7257482999249457,2.0083030202664505,-0.5130775828799559,2.008303921232681,-0.4630240118575356
2.008278744295552,-0.4102540210223358,2.008278697158539,-0.5130775828799559,2.0082784614815257,1.5942160106055914,2.008277495346044,-0.04314372501458254,2.0082750927675463,-0.5130775828799559,2.0082739390835505,-0.1080384926799693,2.0082681049605786,-0.18081807425459037,2.008268081452544,-0.3550170148053685,2.008262044316151,0.10508401924693442,2.008262020842567,-0.4755374046131407,2.0082604484162268,0.3373944675181409,2.00826042495171,0.5481716067542544,2.008248007487875,-0.41334584261778345,2.0082445232607258,-0.42548383359072034,2.008243261247318,-0.21275615674543427,2.0082967426440588,-0.48805079736874574,2.008296766315357,-0.4505106191019305,2.0082967899867903,-0.3647984961679626,2.0082967899867903,-0.48805079736874574,2.0082968136583585,-0.48805079736874574,2.008296884673874,0.10508401924693442,2.0082988499186665,0.46282677692444896,2.0083020009877894,-0.037568658166963316,2.008302095793852,0.20957084875623674,2.008302095793852,-0.12516240745619878,2.008302095793852,-0.5077656476552015,2.008302095793852,0.7257482999249457,2.0083030202664505,-0.5130775828799559,2.008303921232681,-0.4630240118575356,2.008304182075189,-0.48178675562939566
2.008278697158539,-0.5130775828799559,2.0082784614815257,1.5942160106055914,2.008277495346044,-0.04314372501458254,2.0082750927675463,-0.5130775828799559,2.0082739390835505,-0.1080384926799693,2.0082681049605786,-0.18081807425459037,2.008268081452544,-0.3550170148053685,2.008262044316151,0.10508401924693442,2.008262020842567,-0.4755374046131407,2.00826042495171,0.5481716067542544,2.0082445466349887,-0.41334584261778345,2.0082445232607258,-0.42548383359072034,2.008243261247318,-0.21275615674543427,2.008239500869851,3.2819018714557955,2.008231594262794,-0.13883361438990896,2.008296718972896,-0.48805079736874574,2.0082967426440588,-0.4505106191019305,2.0082967426440588,-0.5130775828799559,2.0082967426440588,0.10508401924693442,2.0082967899867903,-0.48805079736874574,2.0082988499186665,0.46282677692444896,2.0083020009877894,-0.037568658166963316,2.008302095793852,0.20957084875623674,2.008302095793852,-0.12516240745619878,2.008302095793852,-0.5077656476552015,2.008302095793852,0.7257482999249457,2.0083030202664505,-0.5130775828799559,2.008303921232681,-0.4630240118575356,2.008304182075189,-0.48178675562939566,2.0083047512429997,-0.3098445178683416
2.0082784614815257,1.5372214358091354,2.008277495346044,-0.04314372501458254,2.0082739390835505,-0.1080384926799693,2.0082681049605786,-0.18081807425459037,2.008262044316151,0.10508401924693442,2.008262020842567,-0.4755374046131407,2.00826042495171,0.5481716067542544,2.008247750162374,-0.41334584261778345,2.008247726769943,-0.4162084814249122,2.0082445232607258,-0.42548383359072034,2.008243261247318,-0.21275615674543427,2.008239500869851,3.2819018714557955,2.008231594262794,-0.13883361438990896,2.008231594262794,-0.47653826330591226,2.008231594262794,0.0017945462368449297,2.0082966006191065,-0.48805079736874574,2.0082966242895943,-0.4505106191019305,2.008296647960217,-0.4004570480795102,2.008296671630975,-0.5130775828799559,2.008296718972896,-0.48805079736874574,2.0082967426440588,0.10508401924693442,2.0082967899867903,-0.48805079736874574,2.0082988499186665,0.46282677692444896,2.0083020009877894,-0.037568658166963316,2.008302095793852,0.20957084875623674,2.008302095793852,-0.12516240745619878,2.008302095793852,-0.5077656476552015,2.008302095793852,0.7257482999249457,2.0083030202664505,-0.5130775828799559,2.008303921232681,-0.4630240118575356
2.0082784850486233,-0.48805079736874574,2.0082784614815257,1.5247080430535305,2.008277495346044,-0.04314372501458254,2.0082739390835505,-0.1080384926799693,2.0082688102637887,-0.4149100792791979,2.0082681049605786,-0.18081807425459037,2.008262044316151,0.10508401924693442,2.008262020842567,-0.4755374046131407,2.00826042495171,0.5481716067542544,2.008247750162374,-0.41334584261778345,2.008247726769943,-0.4162084814249122,2.0082445232607258,-0.42548383359072034,2.008243261247318,-0.21275615674543427,2.008239500869851,3.2819018714557955,2.008231594262794,-0.13883361438990896,2.0082962455779985,-0.48805079736874574,2.0082962692464603,-0.36004178017977445,2.008296292915057,-0.48805079736874574,2.008296292915057,-0.4505106191019305,2.008296292915057,-0.5130775828799559,2.008296316583789,-0.037568658166963316,2.008296387590795,0.10508401924693442,2.008296482268694,-0.48805079736874574,2.0082988499186665,0.46282677692444896,2.0083020009877894,-0.037568658166963316,2.008302095793852,0.20957084875623674,2.008302095793852,-0.12516240745619878,2.008302095793852,-0.5077656476552015,2.008302095793852,0.7257482999249457,2.0083030202664505,-0.5130775828799559
2.0082784614815257,1.5247080430535305,2.008277495346044,-0.04314372501458254,2.0082739390835505,-0.1080384926799693,2.008269633269633,-0.4257792747936802,2.0082681049605786,-0.18081807425459037,2.008262044316151,0.10508401924693442,2.008262020842567,-0.4755374046131407,2.00826042495171,0.5481716067542544,2.008247750162374,-0.41334584261778345,2.008247726769943,-0.4162084814249122,2.0082445232607258,-0.42548383359072034,2.008243261247318,-0.21275615674543427,2.0082395242156443,-0.3151876364678429,2.008239500869851,3.2819018714557955,2.008231594262794,-0.13883361438990896,2.0082960325679187,-0.4505106191019305,2.008296056235165,-0.3647984961679626,2.008296056235165,-0.48805079736874574,2.008296079902547,-0.3600455467109939,2.008296079902547,0.10508401924693442,2.0082961035700633,-0.5130775828799559,2.008296482268694,-0.48805079736874574,2.0082988499186665,0.46282677692444896,2.0083020009877894,-0.037568658166963316,2.008302095793852,0.20957084875623674,2.008302095793852,-0.12516240745619878,2.008302095793852,-0.5077656476552015,2.008302095793852,0.7257482999249457,2.0083030202664505,-0.5130775828799559,2.0083035655647596,-0.35989648717648914
2.0082784850486233,-0.48805079736874574,2.0082784614815257,1.5247080430535305,2.008277495346044,-0.04314372501458254,2.0082739390835505,-0.1080384926799693,2.008269633269633,-0.4257792747936802,2.0082681049605786,-0.18081807425459037,2.008262044316151,0.10508401924693442,2.008262020842567,-0.4755374046131407,2.00826042495171,0.5481716067542544,2.0082566723452584,-0.41334584261778345,2.008256648902189,-0.11256800299589391,2.0082531807951773,-0.1315797883103761,2.0082497156004164,-0.33465342018489114,2.008247726769943,-0.4162084814249122,2.0082445232607258,-0.42548383359072034,2.008295890567276,-0.3647984961679626,2.008295890567276,-0.48805079736874574,2.008295914233712,-0.4505106191019305,2.008295914233712,-0.48805079736874574,2.008295937900283,-0.3600483747377567,2.008296056235165,-0.5130775828799559,2.008296079902547,0.10508401924693442,2.0082988499186665,0.46282677692444896,2.0083020009877894,-0.037568658166963316,2.008302095793852,0.20957084875623674,2.008302095793852,-0.12516240745619878,2.008302095793852,-0.5077656476552015,2.008302095793852,0.7257482999249457,2.0083030202664505,-0.5130775828799559,2.0083035655647596,-0.35989648717648914
2.0082784850486233,-0.48805079736874574,2.0082784614815257,1.5247080430535305,2.008277495346044,-0.04314372501458254,2.0082739390835505,-0.1080384926799693,2.008269633269633,-0.4257792747936802,2.0082681049605786,-0.18081807425459037,2.008262044316151,0.10508401924693442,2.008262020842567,-0.4755374046131407,2.00826042495171,0.5481716067542544,2.0082566723452584,-0.41334584261778345,2.008247726769943,-0.4162084814249122,2.0082445232607258,-0.42548383359072034,2.008243261247318,-0.21275615674543427,2.0082395242156443,-0.3151876364678429,2.008239500869851,3.2819018714557955,2.0082957485714936,-0.5130775828799559,2.0082957485714936,-0.4505106191019305,2.00829577223712,-0.48805079736874574,2.008295795902881,-0.3600512027645194,2.008295795902881,-0.48805079736874574,2.008295890567276,0.10508401924693442,2.008295914233712,-0.48805079736874574,2.0082988499186665,0.46282677692444896,2.0083020009877894,-0.037568658166963316,2.008302095793852,0.20957084875623674,2.008302095793852,-0.12516240745619878,2.008302095793852,-0.5077656476552015,2.008302095793852,0.7257482999249457,2.0083030202664505,-0.5130775828799559,2.0083035655647596,-0.35989648717648914
2.0082784614815257,1.5247080430535305,2.008277495346044,-0.04314372501458254,2.0082739390835505,-0.1080384926799693,2.008269656786493,-0.4875051884178158,2.008269633269633,-0.4257792747936802,2.0082681049605786,-0.18081807425459037,2.008262044316151,0.10508401924693442,2.008262020842567,-0.4755374046131407,2.00826042495171,0.5481716067542544,2.0082566723452584,-0.41334584261778345,2.008247726769943,-0.4162084814249122,2.0082445232607258,-0.42548383359072034,2.008243261247318,-0.21275615674543427,2.0082395242156443,-0.3151876364678429,2.008239500869851,3.2819018714557955,2.0082955829158915,-0.4505106191019305,2.008295606580573,-0.48805079736874574,2.008295606580573,-0.3647984961679626,2.008295606580573,-0.5130775828799559,2.0082956302453887,-0.36005450630020697,2.0082956539103396,-0.48805079736874574,2.0082956775754255,-0.037568658166963316,2.008295890567276,0.10508401924693442,2.008295914233712,-0.48805079736874574,2.0082988499186665,0.46282677692444896,2.0083020009877894,-0.037568658166963316,2.008302095793852,0.20957084875623674,2.008302095793852,-0.12516240745619878,2.008302095793852,-0.5077656476552015,2.008302095793852,0.7257482999249457
2.0082784614815257,1.5247080430535305,2.008277495346044,-0.04314372501458254,2.0082739390835505,-0.1080384926799693,2.0082692335034764,-0.19831776621527072,2.008269209989024,-0.41469603769611324,2.0082681049605786,-0.18081807425459037,2.008262044316151,0.10508401924693442,2.008262020842567,-0.4755374046131407,2.00826042495171,0.5481716067542544,2.008247750162374,-0.41334584261778345,2.008247726769943,-0.4162084814249122,2.0082445232607258,-0.42548383359072034,2.008243261247318,-0.21275615674543427,2.0082395242156443,-0.3151876364678429,2.008239500869851,3.2819018714557955,2.0082953699398387,-0.48805079736874574,2.0082953936033046,-0.3647984961679626,2.0082953936033046,-0.48805079736874574,2.0082954409306413,-0.4505106191019305,2.0082954409306413,-0.48805079736874574,2.008295488258518,-0.5130775828799559,2.008295511922659,-0.037568658166963316,2.008295890567276,0.10508401924693442,2.008295914233712,-0.48805079736874574,2.0082988499186665,0.46282677692444896,2.0083020009877894,-0.037568658166963316,2.008302095793852,0.20957084875623674,2.008302095793852,-0.12516240745619878,2.008302095793852,-0.5077656476552015,2.008302095793852,0.7257482999249457
2.0082784614815257,1.5247080430535305,2.008277495346044,-0.04314372501458254,2.0082739390835505,-0.1080384926799693,2.0082692335034764,-0.19831776621527072,2.008267611319918,-0.4238728093537928,2.008262044316151,0.10508401924693442,2.008262020842567,-0.4755374046131407,2.00826042495171,0.5481716067542544,2.008247750162374,-0.41334584261778345,2.008247726769943,-0.4162084814249122,2.0082445232607258,-0.42548383359072034,2.008243261247318,-0.21275615674543427,2.0082395242156443,-0.3151876364678429,2.008239500869851,3.2819018714557955,2.008231594262794,-0.13883361438990896,2.0082947547371095,-0.48805079736874574,2.0082947783970653,-0.48805079736874574,2.0082947783970653,0.10508401924693442,2.0082947783970653,-0.4505106191019305,2.0082947783970653,-0.5130775828799559,2.0082948020571565,-0.3600709989518588,2.0082949203596367,-0.48805079736874574,2.0082949913427446,-0.5130775828799559,2.0082988499186665,0.46282677692444896,2.0083019535855704,-0.037568658166963316,2.0083020483905503,-0.3599266945066012,2.008302095793852,0.20957084875623674,2.008302095793852,-0.12516240745619878,2.008302095793852,-0.5077656476552015,2.008302095793852,0.7257482999249457
2.0082784614815257,1.5247080430535305,2.008277495346044,-0.04314372501458254,2.0082739390835505,-0.1080384926799693,2.0082692335034764,-0.19831776621527072,2.008267000227428,-0.4306586220308733,2.008262044316151,0.10508401924693442,2.008262020842567,-0.4755374046131407,2.0082604484162268,0.42772488328963437,2.00826042495171,0.5481716067542544,2.008247750162374,-0.41334584261778345,2.008247726769943,-0.4162084814249122,2.0082445232607258,-0.42548383359072034,2.008243261247318,-0.21275615674543427,2.008239500869851,3.2819018714557955,2.008231594262794,-0.13883361438990896,2.0082945654623194,-0.48805079736874574,2.0082945891211956,-0.4505106191019305,2.008294612780207,-0.36007476548307826,2.008294612780207,-0.48805079736874574,2.0082946364393535,-0.3647984961679626,2.008294683758051,-0.037568658166963316,2.0082947310772883,-0.5130775828799559,2.0082947783970653,0.10508401924693442,2.0082949203596367,-0.48805079736874574,2.0082949913427446,-0.5130775828799559,2.0082988499186665,0.46282677692444896,2.0083019535855704,-0.037568658166963316,2.0083020483905503,-0.3599266945066012,2.008302095793852,0.20957084875623674,2.008302095793852,-0.12516240745619878
2.0082784614815257,1.5247080430535305,2.008277495346044,-0.04314372501458254,2.0082739390835505,-0.1080384926799693,2.0082692335034764,-0.19831776621527072,2.0082669532240547,-0.4151021723713892,2.008262044316151,0.10508401924693442,2.008262020842567,-0.4755374046131407,2.00826042495171,0.5481716067542544,2.008247750162374,-0.41334584261778345,2.008247726769943,-0.4162084814249122,2.0082445232607258,-0.42548383359072034,2.008243261247318,-0.21275615674543427,2.008239500869851,3.2819018714557955,2.008231594262794,-0.13883361438990896,2.008231594262794,-0.47653826330591226,2.0082944235118956,-0.48805079736874574,2.008294447169962,-0.4505106191019305,2.008294447169962,-0.5130775828799559,2.0082944708281634,-0.36007759350984103,2.0082944708281634,-0.48805079736874574,2.0082944944865,-0.037568658166963316,2.0082947783970653,0.10508401924693442,2.0082949203596367,-0.48805079736874574,2.0082949913427446,-0.5130775828799559,2.0082988499186665,0.46282677692444896,2.0083020009877894,-0.037568658166963316,2.0083020483905503,-0.3599266945066012,2.008302095793852,0.20957084875623674,2.008302095793852,-0.12516240745619878,2.008302095793852,-0.5077656476552015
2.0082784614815257,1.5247080430535305,2.008277495346044,-0.04314372501458254,2.0082739390835505,-0.1080384926799693,2.0082692335034764,-0.19831776621527072,2.008267916900043,0.5136108422757631,2.0082669767256744,0.10508401924693442,2.0082669532240547,-0.4151021723713892,2.008262020842567,-0.4755374046131407,2.008247750162374,-0.41334584261778345,2.008247726769943,-0.4162084814249122,2.0082445232607258,-0.42548383359072034,2.008243261247318,-0.21275615674543427,2.008239500869851,3.2819018714557955,2.008231594262794,-0.13883361438990896,2.008231594262794,-0.47653826330591226,2.0082925549510087,-0.48805079736874574,2.008292578598417,-0.4505106191019305,2.0082926022459606,-0.3601147958265034,2.0082926022459606,-0.48805079736874574,2.0082926022459606,-0.5130775828799559,2.0082926258936387,-0.5130775828799559,2.008294139625623,-0.037568658166963316,2.008294234252221,-0.48805079736874574,2.0082944235118956,0.10508401924693442,2.0082949913427446,-0.5130775828799559,2.008298755186722,-0.037568658166963316,2.0082988499186665,0.46282677692444896,2.008299726291695,-0.3599729314928331,2.0083020009877894,-0.037568658166963316,2.008302095793852,0.20957084875623674
2.0082784614815257,1.3745473299862694,2.008277495346044,-0.04314372501458254,2.0082739390835505,-0.1080384926799693,2.0082692335034764,-0.19831776621527072,2.0082669767256744,0.10508401924693442,2.008265731323938,-0.41778745886299273,2.008262020842567,-0.4755374046131407,2.0082603076311267,0.3540667864632134,2.00826028416741,0.5209060251183535,2.008247750162374,-0.41334584261778345,2.008247726769943,-0.4162084814249122,2.0082445232607258,-0.42548383359072034,2.008243261247318,-0.21275615674543427,2.008239500869851,3.2819018714557955,2.008231594262794,-0.13883361438990896,2.0082900963566908,-0.48805079736874574,2.0082900963566908,-0.4505106191019305,2.0082901199900793,-0.3601642362412808,2.0082901199900793,-0.48805079736874574,2.0082901436236025,-0.037568658166963316,2.00829016725726,-0.4004570480795102,2.008290190891053,-0.5130775828799559,2.0082902145249806,-0.5130775828799559,2.0082902617932397,-0.5077910498424955,2.008292531303735,0.10508401924693442,2.0082926258936387,-0.5130775828799559,2.0082949913427446,-0.5130775828799559,2.008297334467036,-0.3600205699790537,2.008298755186722,-0.037568658166963316,2.0082988499186665,0.46282677692444896
2.0082784614815257,1.3745473299862694,2.008277495346044,-0.04314372501458254,2.0082739390835505,-0.1080384926799693,2.0082692335034764,-0.19831776621527072,2.0082669767256744,0.10508401924693442,2.008265731323938,-0.41778745886299273,2.008262020842567,-0.4755374046131407,2.0082603076311267,0.3540667864632134,2.00826028416741,0.5209060251183535,2.008247750162374,-0.41334584261778345,2.008247726769943,-0.4162084814249122,2.0082445232607258,-0.42548383359072034,2.008243261247318,-0.21275615674543427,2.008239500869851,3.2819018714557955,2.008231594262794,-0.13883361438990896,2.00828995455919,-0.48805079736874574,2.00828997819177,-0.037568658166963316,2.0082900018244847,-0.48805079736874574,2.0082900018244847,-0.5130775828799559,2.008290072723437,-0.48805079736874574,2.0082902617932397,-0.5077910498424955,2.008292531303735,0.10508401924693442,2.0082926258936387,-0.5130775828799559,2.0082949913427446,-0.5130775828799559,2.008297334467036,-0.3600205699790537,2.008298755186722,-0.037568658166963316,2.0082988499186665,0.46282677692444896,2.008302095793852,0.20957084875623674,2.008302095793852,-0.12516240745619878,2.008302095793852,-0.5077656476552015
2.0082784614815257,1.3745473299862694,2.008277495346044,-0.04314372501458254,2.0082739390835505,-0.1080384926799693,2.0082692335034764,-0.19831776621527072,2.008265754818611,0.10508401924693442,2.008265731323938,-0.41778745886299273,2.008262020842567,-0.4755374046131407,2.00826028416741,0.5209060251183535,2.008247750162374,-0.41334584261778345,2.0082445232607258,-0.42548383359072034,2.008243261247318,-0.21275615674543427,2.008239500869851,3.2819018714557955,2.008231594262794,-0.13883361438990896,2.008231594262794,-0.47653826330591226,2.008231594262794,0.0017945462368449297,2.00828981276654,-0.48805079736874574,2.008289836398311,-0.3601698797814136,2.008289836398311,-0.48805079736874574,2.0082898600302177,-0.5130775828799559,2.0082898836622585,-0.4505106191019305,2.0082898836622585,-0.45233231881929153,2.008290072723437,-0.48805079736874574,2.0082902617932397,-0.5077910498424955,2.0082926022459606,0.10508401924693442,2.0082926258936387,-0.5130775828799559,2.0082949913427446,-0.5130775828799559,2.008298755186722,-0.037568658166963316,2.008298755186722,-0.3599922771980333,2.0082988499186665,0.46282677692444896,2.008302095793852,0.20957084875623674
2.0082784614815257,1.3745473299862694,2.008277495346044,-0.04314372501458254,2.0082739390835505,-0.1080384926799693,2.0082706446154064,-0.15989068872350926,2.008265754818611,0.10508401924693442,2.008265731323938,-0.41778745886299273,2.008262020842567,-0.4755374046131407,2.00826028416741,0.5209060251183535,2.0082445232607258,-0.42548383359072034,2.008243261247318,-0.21275615674543427,2.008239500869851,3.2819018714557955,2.008231594262794,-0.13883361438990896,2.008231594262794,-0.47653826330591226,2.008231594262794,0.0017945462368449297,2.0082292648278166,-0.1867564174072976,2.008289694609703,-0.48805079736874574,2.008289718240801,-0.37412694265923285,2.008289718240801,-0.45233378288624393,2.0082897418720336,-0.5130775828799559,2.0082897418720336,-0.3601717567903269,2.0082897418720336,-0.4505106191019305,2.0082897418720336,-0.48805079736874574,2.0082897891349027,-0.037568658166963316,2.008290072723437,-0.48805079736874574,2.0082902617932397,-0.5077910498424955,2.0082926022459606,0.10508401924693442,2.0082926258936387,-0.5130775828799559,2.008296908345982,-0.360029054059342,2.008298755186722,-0.037568658166963316,2.0082988499186665,0.46282677692444896
2.0082784614815257,1.3370071517194542,2.008277495346044,-0.04314372501458254,2.0082739390835505,-0.1080384926799693,2.008267094235777,0.10508401924693442,2.0082670707334893,-0.20273342968390481,2.008265731323938,-0.41778745886299273,2.0082636173501864,-0.47128310134409007,2.008262020842567,-0.4755374046131407,2.00826028416741,0.5209060251183535,2.0082445466349887,-0.41334584261778345,2.0082445232607258,-0.42548383359072034,2.008243261247318,-0.21275615674543427,2.0082395242156443,-0.29844877130009617,2.0082395242156443,-0.2923408841889433,2.0082395242156443,-0.30974563703878677,2.008289363788479,-0.48805079736874574,2.0082893874176904,-0.36017881434384114,2.008289411047037,-0.3753707864125327,2.008289411047037,-0.48805079736874574,2.008289411047037,-0.5130775828799559,2.008289411047037,-0.4523364857790791,2.0082894346765183,-0.4505106191019305,2.008289458306134,-0.037568658166963316,2.008289552825945,-0.48805079736874574,2.008290049090318,0.10508401924693442,2.0082902617932397,-0.5077910498424955,2.0082926258936387,-0.5130775828799559,2.008296908345982,-0.360029054059342,2.008298755186722,-0.037568658166963316,2.0082988499186665,0.46282677692444896
2.0082784614815257,1.3370071517194542,2.008277495346044,-0.04314372501458254,2.0082739390835505,-0.1080384926799693,2.008267094235777,0.10508401924693442,2.008267094235777,-0.14941298721477875,2.0082670707334893,-0.20273342968390481,2.0082670707334893,-0.3066961857912096,2.008265731323938,-0.41778745886299273,2.0082636173501864,-0.47128310134409007,2.008262020842567,-0.4755374046131407,2.00826028416741,0.5209060251183535,2.0082445466349887,-0.41334584261778345,2.0082445232607258,-0.42548383359072034,2.008243261247318,-0.21275615674543427,2.008239500869851,3.2819018714557955,2.0082891038760398,-0.48805079736874574,2.0082891275037698,-0.037568658166963316,2.008289174759634,-0.38693042088569835,2.008289198387768,-0.5130775828799559,2.008289552825945,-0.48805079736874574,2.008290049090318,0.10508401924693442,2.0082902617932397,-0.5077910498424955,2.0082926258936387,-0.5130775828799559,2.008296908345982,-0.360029054059342,2.008298755186722,-0.037568658166963316,2.0082988499186665,0.46282677692444896,2.008302095793852,0.20957084875623674,2.008302095793852,-0.12516240745619878,2.0083030202664505,-0.5130775828799559,2.008303921232681,-0.4630240118575356
2.0082784614815257,1.2869535806970342,2.008277495346044,-0.04314372501458254,2.0082739390835505,-0.1080384926799693,2.008267094235777,0.10508401924693442,2.008267094235777,-0.14941298721477875,2.0082670707334893,-0.3066961857912096,2.008265731323938,-0.41778745886299273,2.008262020842567,-0.4755374046131407,2.0082603076311267,0.4755889484414282,2.00826028416741,0.5209060251183535,2.0082445466349887,-0.41334584261778345,2.0082445232607258,-0.42548383359072034,2.008243261247318,-0.21275615674543427,2.008239500869851,3.2819018714557955,2.008231594262794,-0.13883361438990896,2.008289056620984,-0.48805079736874574,2.008289056620984,-0.5130775828799559,2.008289056620984,-0.4505106191019305,2.0082890802484443,-0.3601849333928986,2.0082891038760398,-0.48805079736874574,2.0082891275037698,-0.037568658166963316,2.0082902381590424,0.10508401924693442,2.0082902617932397,-0.5077910498424955,2.0082926258936387,-0.5130775828799559,2.008296908345982,-0.360029054059342,2.008298755186722,-0.037568658166963316,2.0082988499186665,0.46282677692444896,2.008302095793852,0.20957084875623674,2.008302095793852,-0.12516240745619878,2.0083030202664505,-0.5130775828799559
2.0082784614815257,1.2869535806970342,2.008277495346044,-0.04314372501458254,2.0082739390835505,-0.1080384926799693,2.008267094235777,0.10508401924693442,2.008267094235777,-0.14941298721477875,2.0082670707334893,-0.3066961857912096,2.008265731323938,-0.41778745886299273,2.008262020842567,-0.4755374046131407,2.00826028416741,0.5209060251183535,2.0082445466349887,-0.41334584261778345,2.0082445232607258,-0.42548383359072034,2.008243261247318,-0.21275615674543427,2.008239500869851,3.2819018714557955,2.008231594262794,-0.13883361438990896,2.008231594262794,-0.47653826330591226,2.0082888676061477,-0.48805079736874574,2.0082888676061477,-0.5130775828799559,2.0082888912325307,-0.360188699924118,2.0082888912325307,-0.4523410781942204,2.0082889148590484,-0.48805079736874574,2.0082889148590484,-0.3647984961679626,2.0082889148590484,-0.4505106191019305,2.008288938485701,-0.037568658166963316,2.0082890329936576,-0.48805079736874574,2.0082902381590424,0.10508401924693442,2.0082902617932397,-0.5077910498424955,2.0082926258936387,-0.5130775828799559,2.008296908345982,-0.360029054059342,2.008298755186722,-0.037568658166963316,2.0082988499186665,0.46282677692444896
2.0082784614815257,1.2869535806970342,2.008277495346044,-0.04314372501458254,2.0082739390835505,-0.1080384926799693,2.008267094235777,0.10508401924693442,2.008267094235777,-0.14941298721477875,2.0082670707334893,-0.3066961857912096,2.008265731323938,-0.41778745886299273,2.008262020842567,-0.4755374046131407,2.00826028416741,0.5209060251183535,2.0082445466349887,-0.41334584261778345,2.0082445232607258,-0.42548383359072034,2.008243261247318,-0.21275615674543427,2.008239500869851,3.2819018714557955,2.008231594262794,-0.13883361438990896,2.008231594262794,-0.47653826330591226,2.0082876864586954,-0.48805079736874574,2.0082877100783456,-0.4004570480795102,2.0082877336981304,-0.4505106191019305,2.0082877573180498,-0.3602112740846492,2.0082877573180498,-0.48805079736874574,2.0082877809381037,-0.037568658166963316,2.0082878990403934,-0.5130775828799559,2.0082890329936576,-0.48805079736874574,2.0082902617932397,-0.5077910498424955,2.0082926258936387,-0.5130775828799559,2.0082949913427446,-0.3600672199072466,2.008298755186722,-0.037568658166963316,2.0082988499186665,0.46282677692444896,2.008302095793852,0.20957084875623674,2.008302095793852,-0.12516240745619878
2.0082784614815257,1.2869535806970342,2.008277495346044,-0.04314372501458254,2.0082739390835505,-0.1080384926799693,2.008267094235777,0.10508401924693442,2.008267094235777,-0.14941298721477875,2.0082670707334893,-0.3066961857912096,2.008265731323938,-0.41778745886299273,2.008262020842567,-0.4755374046131407,2.0082603076311267,0.45321712947117476,2.00826028416741,0.5209060251183535,2.0082466976343207,-0.42201579684207546,2.0082445466349887,-0.41334584261778345,2.0082445232607258,-0.42548383359072034,2.008243261247318,-0.21275615674543427,2.008239500869851,3.2819018714557955,2.0082873794154947,-0.48805079736874574,2.008287403033395,-0.4505106191019305,2.008287403033395,-0.4004570480795102,2.008287403033395,-0.48805079736874574,2.0082874266514295,-0.5130775828799559,2.0082874266514295,-0.48805079736874574,2.0082874502695987,-0.36021739313370665,2.0082874502695987,-0.037568658166963316,2.0082878990403934,-0.5130775828799559,2.0082890093664667,0.10508401924693442,2.0082902617932397,-0.5077910498424955,2.0082949913427446,-0.3600672199072466,2.008298755186722,-0.037568658166963316,2.0082988499186665,0.46282677692444896,2.008302095793852,0.20957084875623674
2.0082784614815257,1.2869535806970342,2.008277495346044,-0.04314372501458254,2.0082739390835505,-0.1080384926799693,2.008267094235777,0.10508401924693442,2.008267094235777,-0.14941298721477875,2.0082670707334893,-0.3066961857912096,2.008265731323938,-0.41778745886299273,2.008262020842567,-0.4755374046131407,2.00826028416741,0.5209060251183535,2.0082467210209147,-0.41334584261778345,2.0082466976343207,-0.42201579684207546,2.0082445232607258,-0.42548383359072034,2.008243261247318,-0.21275615674543427,2.008239500869851,3.2819018714557955,2.008231594262794,-0.13883361438990896,2.0082871904771404,-0.48805079736874574,2.0082872140939636,-0.3602220981693827,2.0082872377109213,-0.48805079736874574,2.0082872377109213,-0.4505106191019305,2.0082872377109213,-0.5130775828799559,2.0082872613280136,-0.037568658166963316,2.008287403033395,-0.48805079736874574,2.0082878990403934,-0.5130775828799559,2.0082902381590424,0.10508401924693442,2.0082902617932397,-0.5077910498424955,2.0082944235118956,-0.36007853201429774,2.008298755186722,-0.037568658166963316,2.0082988499186665,0.46282677692444896,2.008302095793852,0.20957084875623674,2.008302095793852,-0.12516240745619878
2.0082784614815257,1.2369000096746139,2.008277495346044,-0.04314372501458254,2.0082739390835505,-0.1080384926799693,2.008267094235777,0.10508401924693442,2.008267094235777,-0.14941298721477875,2.0082670707334893,-0.3066961857912096,2.008265731323938,-0.41778745886299273,2.008262020842567,-0.4755374046131407,2.00826028416741,0.5209060251183535,2.0082467210209147,-0.41334584261778345,2.0082466976343207,-0.42201579684207546,2.0082445232607258,-0.42548383359072034,2.008243261247318,-0.21275615674543427,2.008239500869851,3.2819018714557955,2.008231594262794,-0.13883361438990896,2.0082869307009696,-0.48805079736874574,2.008286954316312,-0.3883004496915457,2.0082869779317893,-0.36022680320505884,2.0082869779317893,-0.48805079736874574,2.0082870251631473,-0.037568658166963316,2.008287096011194,-0.5130775828799559,2.008287096011194,-0.4505106191019305,2.008287403033395,-0.48805079736874574,2.0082878990403934,-0.5130775828799559,2.0082902381590424,0.10508401924693442,2.0082902617932397,-0.5077910498424955,2.0082944235118956,-0.36007853201429774,2.008298755186722,-0.037568658166963316,2.0082988499186665,0.46282677692444896,2.008302095793852,0.20957084875623674
2.0082784614815257,1.2369000096746139,2.008277495346044,-0.04314372501458254,2.0082739390835505,-0.1080384926799693,2.008267094235777,0.10508401924693442,2.008267094235777,-0.14941298721477875,2.0082670707334893,-0.3066961857912096,2.008265731323938,-0.41778745886299273,2.008262020842567,-0.4755374046131407,2.00826028416741,0.5209060251183535,2.0082467210209147,-0.41334584261778345,2.0082466976343207,-0.42201579684207546,2.0082445466349887,0.7257482999249457,2.0082445232607258,-0.42548383359072034,2.008243261247318,-0.21275615674543427,2.008239500869851,3.2819018714557955,2.0082867890117404,-0.037568658166963316,2.0082867890117404,-0.3602305572228855,2.0082868126262756,-0.4004570480795102,2.008286836240945,-0.48805079736874574,2.0082868598557493,-0.4505106191019305,2.0082868598557493,-0.48805079736874574,2.0082869070857616,-0.5130775828799559,2.008287403033395,-0.48805079736874574,2.0082878990403934,-0.5130775828799559,2.0082902381590424,0.10508401924693442,2.0082902617932397,-0.5077910498424955,2.0082944235118956,-0.36007853201429774,2.008298755186722,-0.037568658166963316,2.0082988499186665,0.46282677692444896,2.008302095793852,0.20957084875623674
