2.008196097552726,-0.21275615674543427,2.0081958665550586,-0.47031839384298946,2.0081958203570873,0.6040936461442346,2.0081957279627076,0.082132805165311,2.008194688669462,-0.5130775828799559,2.0081944808424423,-0.33654264216956137,2.0081915492957747,0.08677182018123994,2.008190534130981,-0.4580564452014155,2.0081890810375462,-0.009546454238094738,2.0081875131977194,-0.4281522770556749,2.008187282683672,0.06088382544041076,2.0081861763969,-0.4739958922729704,2.0081861763969,-0.47721167153705507,2.0081861763969,-0.4774220842362406,2.008184402352875,-0.42276750137169017,2.0082018535963493,-0.3531064449726572,2.00820187672929,-0.5005641901243507,2.00820187672929,-0.48805079736874574,2.00820187672929,-0.4630240118575356,2.0082018998623616,-0.037568658166963316,2.0082019692623585,-0.48805079736874574,2.0082035889291046,-0.2753231205234596,2.0082036120718354,-0.5005641901243507,2.008203727787448,0.212174948355642,2.008205927004498,-0.037568658166963316,2.0082060196289797,0.7467918472809773,2.0082060427854267,-0.5130775828799559,2.008208359090306,-0.2959367327311939,2.008208359090306,-0.4004570480795102,2.008208359090306,-0.13767580021180387
2.0081958896542393,-0.21275615674543427,2.0081958665550586,-0.47031839384298946,2.0081958203570873,0.6040936461442346,2.0081957279627076,0.082132805165311,2.008194688669462,-0.5130775828799559,2.0081944808424423,-0.33654264216956137,2.0081915492957747,0.08677182018123994,2.008190534130981,-0.4580564452014155,2.0081890810375462,-0.009546454238094738,2.0081875131977194,-0.4281522770556749,2.008187282683672,0.06088382544041076,2.0081861763969,-0.4739958922729704,2.0081861763969,-0.47721167153705507,2.0081861763969,-0.4774220842362406,2.008184402352875,-0.42276750137169017,2.008201714801444,-0.4630240118575356,2.008201737933602,-0.3610592566581255,2.008201737933602,-0.48805079736874574,2.0082017610658904,-0.3531064449726572,2.0082017610658904,-0.5005641901243507,2.0082017841983095,-0.037568658166963316,2.0082019692623585,-0.48805079736874574,2.0082036120718354,-0.5005641901243507,2.008203727787448,0.212174948355642,2.008205927004498,-0.037568658166963316,2.0082060196289797,0.7467918472809773,2.0082060427854267,-0.5130775828799559,2.008208359090306,-0.2959367327311939,2.008208359090306,-0.4004570480795102,2.008208359090306,-0.13767580021180387
2.0081958896542393,-0.21275615674543427,2.0081958665550586,-0.47031839384298946,2.0081958203570873,0.6040936461442346,2.0081957279627076,0.082132805165311,2.008194688669462,-0.5130775828799559,2.0081944808424423,-0.33654264216956137,2.00819307251489,-0.3104846655015401,2.0081915492957747,0.08677182018123994,2.0081890810375462,-0.009546454238094738,2.0081875131977194,-0.4281522770556749,2.0081875131977194,-0.4135510872857609,2.008187282683672,0.06088382544041076,2.008186867791094,-0.1019328204393342,2.0081861994414916,-0.30953698872797986,2.0081861763969,-0.4739958922729704,2.008201599142611,-0.3610620346313172,2.008201599142611,-0.48805079736874574,2.008201622274117,-0.5005641901243507,2.008201645405753,-0.037568658166963316,2.0082016916694165,-0.3531064449726572,2.0082019692623585,-0.48805079736874574,2.0082035889291046,-0.21150481746987376,2.0082036120718354,-0.5005641901243507,2.008203727787448,0.212174948355642,2.008205927004498,-0.037568658166963316,2.0082060196289797,0.7467918472809773,2.0082060427854267,-0.5130775828799559,2.008208359090306,-0.2959367327311939,2.008208359090306,-0.4004570480795102,2.008208359090306,-0.13767580021180387
2.0081958203570873,-0.22561465635984618,2.0081957279627076,0.082132805165311,2.008194688669462,-0.5130775828799559,2.0081944808424423,-0.33654264216956137,2.0081920338949626,-0.49566131770877714,2.0081915492957747,0.08677182018123994,2.0081891040984945,0.40825037773783557,2.0081874901457306,-0.42449760305408013,2.008187282683672,0.06088382544041076,2.00818668340789,-0.4559254394419215,2.0081861763969,-0.4739958922729704,2.0081861763969,-0.47721167153705507,2.0081861763969,-0.4774220842362406,2.008184402352875,-0.42276750137169017,2.0081840107844324,-0.4004570480795102,2.0082009515134254,-0.48805079736874574,2.0082009515134254,-0.5130775828799559,2.0082009515134254,-0.4630240118575356,2.008200974641278,-0.48805079736874574,2.008200997769261,-0.36107407251514817,2.008201321574721,-0.5005641901243507,2.008203311226519,-0.5130775828799559,2.0082035889291046,-0.21150481746987376,2.0082036120718354,-0.5005641901243507,2.008205927004498,-0.037568658166963316,2.0082060196289797,0.7467918472809773,2.0082060427854267,-0.5130775828799559,2.0082081969064016,-0.3609299557707818,2.008208359090306,-0.2959367327311939,2.008208359090306,-0.4004570480795102
2.0081959589525633,1.2218664321314228,2.0081958203570873,-0.22561465635984618,2.0081957279627076,0.082132805165311,2.008194688669462,-0.5130775828799559,2.0081944808424423,-0.33654264216956137,2.0081920338949626,-0.49566131770877714,2.0081915492957747,0.08677182018123994,2.0081874901457306,-0.42449760305408013,2.008187282683672,0.06088382544041076,2.0081861763969,-0.4739958922729704,2.0081861763969,-0.47721167153705507,2.0081861763969,-0.4774220842362406,2.008184402352875,-0.42276750137169017,2.0081840107844324,-0.4004570480795102,2.0081839416880083,-0.3191771438327922,2.008200835876119,-0.3531064449726572,2.008200859003319,-0.48805079736874574,2.008200859003319,-0.4630240118575356,2.008200859003319,-0.5005641901243507,2.0082008821306503,-0.3610763874928079,2.0082008821306503,-0.48805079736874574,2.0082008821306503,-0.5130775828799559,2.0082009052581116,-0.037568658166963316,2.008201321574721,-0.5005641901243507,2.008203311226519,-0.5130775828799559,2.0082035889291046,-0.21150481746987376,2.0082036120718354,-0.5005641901243507,2.008205927004498,-0.037568658166963316,2.0082060196289797,0.7467918472809773,2.0082060427854267,-0.5130775828799559
2.0081959589525633,1.2218664321314228,2.008195843456008,-0.433822020232883,2.0081958203570873,-0.22561465635984618,2.0081957279627076,0.082132805165311,2.008194688669462,-0.5130775828799559,2.0081944808424423,-0.33654264216956137,2.00819307251489,-0.3495462470863672,2.0081915492957747,0.08677182018123994,2.0081874901457306,-0.42449760305408013,2.008187282683672,0.06088382544041076,2.0081861763969,-0.4739958922729704,2.0081861763969,-0.47721167153705507,2.0081861763969,-0.4774220842362406,2.008184402352875,-0.42276750137169017,2.0081840107844324,-0.4004570480795102,2.0082004889837655,-0.48805079736874574,2.0082005121090094,-0.4630240118575356,2.0082005352343835,-0.3610833324257873,2.0082005352343835,-0.48805079736874574,2.0082005352343835,-0.4004570480795102,2.0082005352343835,-0.5130775828799559,2.0082005814855233,-0.037568658166963316,2.0082007433686218,-0.5005641901243507,2.0082032880854856,0.1013300014202529,2.008203311226519,-0.5130775828799559,2.0082036120718354,-0.5005641901243507,2.008205927004498,-0.037568658166963316,2.0082060196289797,0.7467918472809773,2.0082060427854267,-0.5130775828799559,2.0082081969064016,-0.3609299557707818
2.0081959589525633,1.2218664321314228,2.008195843456008,-0.433822020232883,2.0081958203570873,-0.22561465635984618,2.0081957279627076,0.082132805165311,2.008194688669462,-0.5130775828799559,2.0081944808424423,-0.33654264216956137,2.00819307251489,-0.3495462470863672,2.0081920338949626,-0.4905331291432461,2.0081915492957747,0.08677182018123994,2.0081891040984945,0.4322605627081876,2.0081874901457306,-0.42449760305408013,2.008187282683672,0.06088382544041076,2.0081861763969,-0.4739958922729704,2.0081861763969,-0.47721167153705507,2.0081861763969,-0.4774220842362406,2.0082003733595024,-0.48805079736874574,2.008200396484094,-0.361086110398979,2.008200396484094,-0.5130775828799559,2.008200419608816,-0.48805079736874574,2.008200419608816,-0.5130775828799559,2.008200419608816,-0.4630240118575356,2.008200442733669,-0.037568658166963316,2.008200465858652,-0.3727455642061561,2.0082007433686218,-0.5005641901243507,2.008203311226519,-0.5130775828799559,2.0082036120718354,-0.5005641901243507,2.0082060196289797,0.7467918472809773,2.0082060427854267,-0.5130775828799559,2.0082081969064016,-0.3609299557707818,2.008208359090306,-0.2959367327311939
2.0081959589525633,1.2218664321314228,2.008195843456008,-0.433822020232883,2.0081958203570873,-0.22561465635984618,2.0081957279627076,0.082132805165311,2.008194688669462,-0.5130775828799559,2.0081944808424423,-0.33654264216956137,2.00819307251489,-0.3495462470863672,2.0081920338949626,-0.49521298787312934,2.0081915492957747,0.08677182018123994,2.0081874670938715,-0.42468151238740925,2.008187282683672,0.06088382544041076,2.0081861763969,-0.4739958922729704,2.0081861763969,-0.47721167153705507,2.0081861763969,-0.4774220842362406,2.008184402352875,-0.42276750137169017,2.008200072751677,-0.48805079736874574,2.0082000958745736,-0.36109212934089446,2.0082000958745736,-0.5130775828799559,2.0082000958745736,-0.48805079736874574,2.0082001189976,-0.4004570480795102,2.0082001189976,-0.5130775828799559,2.0082001421207574,-0.5005641901243507,2.008200165244045,-0.4630240118575356,2.0082007202420735,-0.5005641901243507,2.008203218663169,-0.037568658166963316,2.008203311226519,-0.5130775828799559,2.008203311226519,0.1013300014202529,2.0082036120718354,-0.5005641901243507,2.008205927004498,-0.037568658166963316,2.0082060196289797,0.7467918472809773
2.0081959589525633,1.2218664321314228,2.008195843456008,-0.433822020232883,2.0081958203570873,-0.22561465635984618,2.0081957279627076,0.082132805165311,2.0081944808424423,-0.33654264216956137,2.0081935342082873,-0.5130775828799559,2.00819307251489,-0.3495462470863672,2.0081920338949626,-0.49521298787312934,2.0081915492957747,0.08677182018123994,2.0081888043162994,-0.41875866081493346,2.0081875131977194,-0.4267246491029735,2.0081874670938715,-0.42468151238740925,2.008187282683672,0.06088382544041076,2.008186867791094,-0.12970425597738047,2.0081861994414916,-0.29897074245211075,2.0081997952870916,-0.48805079736874574,2.0081997952870916,-0.4630240118575356,2.008199818408423,-0.4004570480795102,2.008199841529885,-0.5130775828799559,2.0081998646514774,-0.48805079736874574,2.0081998877732,-0.4142217801106758,2.0082001421207574,-0.5005641901243507,2.008203172382277,-0.5005641901243507,2.0082031955226576,0.1013300014202529,2.008203311226519,-0.5130775828799559,2.00820476937488,-0.5005641901243507,2.008205927004498,-0.037568658166963316,2.0082060196289797,0.7467918472809773,2.0082060427854267,-0.5130775828799559,2.0082068765045706,-0.3609563840562816
2.0081959589525633,1.2218664321314228,2.008195843456008,-0.433822020232883,2.0081958203570873,-0.22561465635984618,2.0081957279627076,0.082132805165311,2.0081944808424423,-0.33654264216956137,2.0081935342082873,-0.5130775828799559,2.00819307251489,-0.3495462470863672,2.0081920338949626,-0.4954759192817101,2.0081915492957747,0.08677182018123994,2.0081874670938715,-0.42468151238740925,2.008187282683672,0.06088382544041076,2.0081861763969,-0.4739958922729704,2.0081861763969,-0.47721167153705507,2.0081861763969,-0.4774220842362406,2.008184402352875,-0.42276750137169017,2.00819965656184,-0.48805079736874574,2.0081996796823893,-0.3611004632604697,2.0081996796823893,-0.48805079736874574,2.008199725923879,-0.3531064449726572,2.008199725923879,-0.5130775828799559,2.0081997490448193,-0.5130775828799559,2.0081997490448193,-0.4630240118575356,2.0081997490448193,-0.4142217801106758,2.0081997952870916,-0.037568658166963316,2.0082001421207574,-0.5005641901243507,2.008203126101907,-0.5005641901243507,2.0082031492420267,-0.4630240118575356,2.0082031492420267,0.1013300014202529,2.008203311226519,-0.5130775828799559,2.008204306414481,-0.4630240118575356
2.0081959589525633,1.2218664321314228,2.008195843456008,-0.433822020232883,2.0081958203570873,-0.22561465635984618,2.0081957279627076,0.082132805165311,2.0081944808424423,-0.33654264216956137,2.0081935342082873,-0.5130775828799559,2.00819307251489,-0.3495462470863672,2.0081920338949626,-0.4934745772979497,2.0081915492957747,0.08677182018123994,2.0081874670938715,-0.42468151238740925,2.008187282683672,0.06088382544041076,2.0081861763969,-0.4739958922729704,2.0081861763969,-0.47721167153705507,2.0081861763969,-0.4774220842362406,2.008184402352875,-0.42276750137169017,2.0081995640809467,-0.48805079736874574,2.0081995872009744,-0.3611023152425975,2.0081995872009744,-0.4630240118575356,2.0081996103211326,-0.48805079736874574,2.0081996103211326,-0.3582554433103408,2.008199633441421,-0.037568658166963316,2.0081996796823893,-0.4142217801106758,2.008203102961918,-0.5130775828799559,2.008203126101907,-0.5005641901243507,2.0082031492420267,0.1013300014202529,2.008203311226519,-0.5130775828799559,2.008204306414481,-0.4630240118575356,2.00820476937488,-0.5005641901243507,2.0082060196289797,0.7467918472809773,2.0082060427854267,-0.5130775828799559
2.0081959589525633,1.2218664321314228,2.008195843456008,-0.433822020232883,2.0081958203570873,-0.22561465635984618,2.0081957279627076,0.082132805165311,2.0081944808424423,-0.33654264216956137,2.0081938805124837,-0.47033590007945447,2.0081935342082873,-0.5130775828799559,2.00819307251489,-0.3495462470863672,2.0081920338949626,-0.4934745772979497,2.0081915492957747,0.08677182018123994,2.0081874670938715,-0.42468151238740925,2.008187282683672,0.06088382544041076,2.0081861763969,-0.4739958922729704,2.0081861763969,-0.47721167153705507,2.0081861763969,-0.4774220842362406,2.008199425363518,-0.48805079736874574,2.0081994484827637,-0.4004570480795102,2.0081994716021394,-0.4630240118575356,2.0081994716021394,-0.48805079736874574,2.0081994947216457,-0.3611041672247253,2.008199540961049,-0.4142217801106758,2.0081995872009744,-0.037568658166963316,2.00819965656184,-0.5130775828799559,2.0082030566823317,-0.5005641901243507,2.0082031492420267,0.1013300014202529,2.008203311226519,-0.5130775828799559,2.008204306414481,-0.4630240118575356,2.00820476937488,-0.5005641901243507,2.0082060196289797,0.7467918472809773,2.0082060427854267,-0.5130775828799559
2.0081959589525633,1.2218664321314228,2.008195843456008,-0.433822020232883,2.0081958203570873,-0.22561465635984618,2.0081957279627076,0.082132805165311,2.0081944808424423,-0.33654264216956137,2.0081939036004712,-0.47259908480662605,2.0081935342082873,-0.5130775828799559,2.0081915492957747,0.08677182018123994,2.008187444042142,-0.42928470155987886,2.008187282683672,0.06088382544041076,2.0081861763969,-0.4739958922729704,2.0081861763969,-0.47721167153705507,2.0081861763969,-0.4774220842362406,2.008184402352875,-0.42276750137169017,2.0081840107844324,-0.4004570480795102,2.0081991248251905,-0.48805079736874574,2.0081991479427415,-0.3931904708527593,2.0081991479427415,-0.48805079736874574,2.0081991710604226,-0.4630240118575356,2.008199194178234,-0.3611101861666408,2.008199702803069,-0.5130775828799559,2.0082029641247257,-0.5130775828799559,2.0082029872639313,-0.037568658166963316,2.0082029872639313,0.1013300014202529,2.0082030104032675,-0.5005641901243507,2.008203311226519,-0.5130775828799559,2.008204306414481,-0.4630240118575356,2.00820476937488,-0.5005641901243507,2.0082060196289797,0.7467918472809773,2.0082060427854267,-0.5130775828799559
2.0081959589525633,1.2218664321314228,2.008195843456008,-0.433822020232883,2.0081958203570873,-0.22561465635984618,2.0081957279627076,0.082132805165311,2.0081944808424423,-0.33654264216956137,2.0081935342082873,-0.5130775828799559,2.0081915492957747,0.08677182018123994,2.008187444042142,-0.42928470155987886,2.008187282683672,0.06088382544041076,2.0081861763969,-0.4739958922729704,2.0081861763969,-0.47721167153705507,2.0081861763969,-0.4774220842362406,2.008184402352875,-0.42276750137169017,2.0081840107844324,-0.4004570480795102,2.0081839416880083,-0.3191771438327922,2.0081990323562913,-0.48805079736874574,2.0081990554733204,-0.4004570480795102,2.0081990554733204,-0.037568658166963316,2.00819907859048,-0.4630240118575356,2.00819907859048,-0.48805079736874574,2.0081991479427415,-0.4142217801106758,2.0082029641247257,-0.4630240118575356,2.0082029641247257,-0.5130775828799559,2.0082029872639313,0.1013300014202529,2.008203311226519,-0.5130775828799559,2.008204306414481,-0.4630240118575356,2.00820476937488,-0.5005641901243507,2.0082060196289797,0.7467918472809773,2.0082060427854267,-0.5130775828799559,2.0082067838607442,-0.037568658166963316
2.0081959589525633,1.2218664321314228,2.008195843456008,-0.433822020232883,2.0081958203570873,-0.22561465635984618,2.0081957279627076,0.082132805165311,2.0081944808424423,-0.33654264216956137,2.0081939036004712,-0.3157176662447921,2.0081935342082873,-0.5130775828799559,2.0081915492957747,0.08677182018123994,2.008187444042142,-0.42928470155987886,2.008187282683672,0.06088382544041076,2.0081861763969,-0.4739958922729704,2.0081861763969,-0.47721167153705507,2.0081861763969,-0.4774220842362406,2.008184402352875,-0.42276750137169017,2.0081840107844324,-0.4004570480795102,2.008198893656853,-0.48805079736874574,2.0081989167731003,-0.3611157295996315,2.0081989167731003,-0.48805079736874574,2.008198939889478,-0.4630240118575356,2.0081989630059858,-0.4004570480795102,2.0081996103211326,-0.5130775828799559,2.0081996796823893,-0.5130775828799559,2.0082028484306553,-0.037568658166963316,2.0082029409856506,-0.5005641901243507,2.0082029641247257,0.1013300014202529,2.008203311226519,-0.5130775828799559,2.008204306414481,-0.4630240118575356,2.00820476937488,-0.5005641901243507,2.0082060196289797,0.7467918472809773,2.0082060427854267,-0.5130775828799559
2.0081959589525633,1.2218664321314228,2.008195843456008,-0.433822020232883,2.0081958203570873,-0.22561465635984618,2.0081957279627076,0.082132805165311,2.0081944808424423,-0.33654264216956137,2.0081935342082873,-0.5130775828799559,2.0081915492957747,0.08677182018123994,2.0081875131977194,-0.4224744251999612,2.008187444042142,-0.42928470155987886,2.008187282683672,0.06088382544041076,2.008186867791094,-0.15763356047843144,2.0081861994414916,-0.2921533835118933,2.0081861763969,-0.4739958922729704,2.0081861763969,-0.47721167153705507,2.0081861763969,-0.4774220842362406,2.008198801193168,-0.48805079736874574,2.0081988243088937,-0.36111758158175933,2.0081988243088937,-0.48805079736874574,2.0081988705407365,-0.4004570480795102,2.0081989167731003,-0.4142217801106758,2.0082027790157793,-0.4630240118575356,2.008202802153941,-0.5005641901243507,2.0082029409856506,-0.5130775828799559,2.0082029641247257,0.1013300014202529,2.008203311226519,-0.5130775828799559,2.008204306414481,-0.4630240118575356,2.00820476937488,-0.5005641901243507,2.0082060196289797,0.7467918472809773,2.0082060427854267,-0.5130775828799559,2.0082068765045706,-0.3609563840562816
2.0081959589525633,1.2218664321314228,2.008195843456008,-0.433822020232883,2.0081958203570873,-0.22561465635984618,2.0081957279627076,0.082132805165311,2.0081944808424423,-0.33654264216956137,2.0081935342082873,-0.5130775828799559,2.00819307251489,-0.32699493601042745,2.0081915492957747,0.08677182018123994,2.008187444042142,-0.42928470155987886,2.008187282683672,0.06088382544041076,2.0081861763969,-0.4739958922729704,2.0081861763969,-0.47721167153705507,2.0081861763969,-0.4774220842362406,2.008184402352875,-0.42276750137169017,2.0081840107844324,-0.4004570480795102,2.0081986856164944,-0.48805079736874574,2.0081987087315682,-0.4630240118575356,2.0081987318467727,-0.3611194335638872,2.0081989167731003,-0.4142217801106758,2.008199540961049,-0.5130775828799559,2.0081995640809467,-0.5130775828799559,2.0082027558777487,-0.5130775828799559,2.0082027790157793,-0.5005641901243507,2.008202802153941,0.1013300014202529,2.008203311226519,-0.5130775828799559,2.008204306414481,-0.4630240118575356,2.00820476937488,-0.5005641901243507,2.0082060196289797,0.7467918472809773,2.0082060196289797,-0.3609735399177496,2.0082060427854267,-0.5130775828799559
2.0081959589525633,1.2218664321314228,2.008195843456008,-0.433822020232883,2.0081958203570873,-0.22561465635984618,2.0081957279627076,0.082132805165311,2.0081944808424423,-0.33654264216956137,2.0081935342082873,-0.5130775828799559,2.00819307251489,-0.32699493601042745,2.0081915492957747,0.08677182018123994,2.008187444042142,-0.42928470155987886,2.008187282683672,0.06088382544041076,2.0081861994414916,-0.29965419893763634,2.0081861763969,-0.4739958922729704,2.0081861763969,-0.47721167153705507,2.0081861763969,-0.4774220842362406,2.0081859459581186,-0.3168559470168057,2.0081985469287873,-0.48805079736874574,2.008198570043079,-0.4004570480795102,2.0081985931575015,-0.4630240118575356,2.0081985931575015,-0.48805079736874574,2.008198616272054,-0.36112174854154694,2.0081986625015507,-0.4142217801106758,2.0081994484827637,-0.5130775828799559,2.0081996103211326,-0.5130775828799559,2.008202686464439,-0.037568658166963316,2.008202802153941,0.1013300014202529,2.008203311226519,-0.5130775828799559,2.008204306414481,-0.4630240118575356,2.00820476937488,-0.5005641901243507,2.008205927004498,-0.037568658166963316,2.0082060196289797,0.7467918472809773
2.0081959589525633,1.2218664321314228,2.0081959589525633,-0.15787140253453727,2.008195843456008,-0.433822020232883,2.0081958203570873,-0.22561465635984618,2.0081957279627076,0.082132805165311,2.0081944808424423,-0.33654264216956137,2.0081935342082873,-0.5130775828799559,2.00819307251489,-0.32699493601042745,2.0081915492957747,0.08677182018123994,2.008187420990543,-0.4243988473584529,2.008187282683672,0.06088382544041076,2.00818668340789,-0.45866778700449057,2.0081861763969,-0.4739958922729704,2.0081861763969,-0.47721167153705507,2.0081861763969,-0.4774220842362406,2.008198408245772,-0.48805079736874574,2.0081984313592818,-0.3611254525058026,2.0081984313592818,-0.48805079736874574,2.008198477586693,-0.4004570480795102,2.008199402244403,-0.5130775828799559,2.008199425363518,-0.4142217801106758,2.0081994947216457,-0.037568658166963316,2.008202640189552,-0.4630240118575356,2.008202640189552,-0.5005641901243507,2.00820266332693,0.1013300014202529,2.008203311226519,-0.5130775828799559,2.008204306414481,-0.4630240118575356,2.00820476937488,-0.5005641901243507,2.008205927004498,-0.037568658166963316,2.0082060196289797,0.7467918472809773
2.0081959589525633,1.2218664321314228,2.0081959589525633,-0.15787140253453727,2.008195843456008,-0.433822020232883,2.0081958203570873,-0.22561465635984618,2.0081957279627076,0.082132805165311,2.0081944808424423,-0.33654264216956137,2.0081935342082873,-0.5130775828799559,2.00819307251489,-0.32699493601042745,2.0081915492957747,0.08677182018123994,2.0081888043162994,-0.41634019739705774,2.008188596787637,-0.03890500091951264,2.008188089539631,-0.46222279183278697,2.0081875131977194,-0.4279401500216819,2.008187420990543,-0.4243988473584529,2.008187282683672,0.06088382544041076,2.008198315793035,-0.48805079736874574,2.0081983389060234,-0.3611273044879304,2.0081983389060234,-0.48805079736874574,2.008198362019143,-0.4630240118575356,2.008198385132392,-0.4004570480795102,2.0081993791254185,-0.4142217801106758,2.0081995640809467,-0.4630240118575356,2.0082025707782005,-0.037568658166963316,2.008202617052304,-0.5130775828799559,2.008202617052304,0.1013300014202529,2.008203311226519,-0.5130775828799559,2.008204306414481,-0.4630240118575356,2.00820476937488,-0.5005641901243507,2.008205927004498,-0.037568658166963316,2.0082060196289797,0.7467918472809773
2.0081959589525633,1.2218664321314228,2.0081959589525633,-0.15787140253453727,2.008195843456008,-0.433822020232883,2.0081958203570873,-0.22561465635984618,2.0081957279627076,0.082132805165311,2.0081944808424423,-0.33654264216956137,2.0081935342082873,-0.5130775828799559,2.00819307251489,-0.32699493601042745,2.0081915492957747,0.08677182018123994,2.008188089539631,-0.46222279183278697,2.008187420990543,-0.4243988473584529,2.008187282683672,0.06088382544041076,2.0081861763969,-0.4739958922729704,2.0081861763969,-0.47721167153705507,2.0081861763969,-0.4774220842362406,2.0081981771178388,-0.48805079736874574,2.0081982002300456,-0.4004570480795102,2.0081982464548505,-0.48805079736874574,2.008199517841282,-0.5130775828799559,2.008199540961049,-0.4142217801106758,2.008199540961049,-0.5130775828799559,2.0081995640809467,-0.5005641901243507,2.0082025245046187,-0.037568658166963316,2.008202617052304,0.1013300014202529,2.008203311226519,-0.5130775828799559,2.008204306414481,-0.4630240118575356,2.00820476937488,-0.5005641901243507,2.008205927004498,-0.037568658166963316,2.0082060196289797,0.7467918472809773,2.0082060196289797,-0.3609735399177496
2.008196259258842,-0.27060027828946087,2.0081959589525633,1.2218664321314228,2.0081959589525633,-0.15787140253453727,2.008195843456008,-0.433822020232883,2.0081958203570873,-0.22561465635984618,2.0081957279627076,0.082132805165311,2.0081944808424423,-0.33654264216956137,2.0081935342082873,-0.5130775828799559,2.00819307251489,-0.32699493601042745,2.0081915492957747,0.08677182018123994,2.008187420990543,-0.4243988473584529,2.008187282683672,0.06088382544041076,2.0081861763969,-0.4739958922729704,2.0081861763969,-0.47721167153705507,2.0081861763969,-0.4774220842362406,2.008198130893816,-0.48805079736874574,2.0081981540057625,-0.36113100845218615,2.0081981540057625,-0.48805079736874574,2.0081994947216457,-0.4142217801106758,2.008199540961049,-0.5130775828799559,2.008199957139151,-0.5130775828799559,2.008202478231559,-0.5005641901243507,2.0082025245046187,-0.037568658166963316,2.0082025245046187,0.1013300014202529,2.008203311226519,-0.5130775828799559,2.008204306414481,-0.4630240118575356,2.00820476937488,-0.5005641901243507,2.008205927004498,-0.037568658166963316,2.0082060196289797,0.7467918472809773,2.0082060196289797,-0.3609735399177496
2.008196259258842,-0.27060027828946087,2.0081959589525633,1.2218664321314228,2.0081959589525633,-0.15787140253453727,2.008195843456008,-0.433822020232883,2.0081958203570873,-0.22561465635984618,2.0081957279627076,0.082132805165311,2.0081944808424423,-0.33654264216956137,2.0081935342082873,-0.5130775828799559,2.00819307251489,-0.32699493601042745,2.0081915492957747,0.08677182018123994,2.008187420990543,-0.4243988473584529,2.008187282683672,0.06088382544041076,2.0081861763969,-0.4739958922729704,2.0081861763969,-0.47721167153705507,2.0081861763969,-0.4774220842362406,2.008198130893816,-0.48805079736874574,2.0081981540057625,-0.36113100845218615,2.0081981540057625,-0.48805079736874574,2.008199425363518,-0.5130775828799559,2.0081994484827637,-0.4142217801106758,2.0081999108950535,-0.5005641901243507,2.008199957139151,-0.5130775828799559,2.0082024319590217,-0.037568658166963316,2.0082025245046187,0.1013300014202529,2.008203311226519,-0.5130775828799559,2.008204306414481,-0.4630240118575356,2.00820476937488,-0.5005641901243507,2.008205927004498,-0.037568658166963316,2.0082060196289797,0.7467918472809773,2.0082060196289797,-0.3609735399177496
2.008196259258842,-0.35819402757869634,2.0081959589525633,-0.15787140253453727,2.008195843456008,-0.433822020232883,2.0081958203570873,-0.22561465635984618,2.0081957279627076,0.082132805165311,2.0081944808424423,-0.33654264216956137,2.0081935342082873,-0.5130775828799559,2.00819307251489,-0.32699493601042745,2.0081915492957747,0.08677182018123994,2.0081900497092082,-0.08029603815954504,2.008189911313512,-0.316246019227112,2.008187420990543,-0.4243988473584529,2.008187282683672,0.06088382544041076,2.0081861763969,-0.4739958922729704,2.0081861763969,-0.47721167153705507,2.008198130893816,-0.48805079736874574,2.008198130893816,-0.4004570480795102,2.0081981540057625,-0.36113100845218615,2.0081981540057625,-0.48805079736874574,2.008199841529885,-0.5005641901243507,2.0082007433686218,-0.5130775828799559,2.008202316279962,-0.5130775828799559,2.008202339415513,-0.037568658166963316,2.0082024319590217,0.1013300014202529,2.008203311226519,-0.5130775828799559,2.008204306414481,-0.4630240118575356,2.00820476937488,-0.5005641901243507,2.008205927004498,-0.037568658166963316,2.0082060196289797,0.7467918472809773,2.0082060196289797,-0.3609735399177496
2.008196259258842,-0.35819402757869634,2.0081959589525633,-0.15787140253453727,2.008195843456008,-0.433822020232883,2.0081958203570873,-0.22561465635984618,2.0081957279627076,0.082132805165311,2.0081944808424423,-0.33654264216956137,2.0081935342082873,-0.5130775828799559,2.00819307251489,-0.32699493601042745,2.0081915492957747,0.08677182018123994,2.0081900497092082,-0.08029603815954504,2.008189911313512,-0.316246019227112,2.0081891040984945,-0.15032074626544864,2.008187420990543,-0.4243988473584529,2.008187282683672,0.06088382544041076,2.0081861763969,-0.4739958922729704,2.008198130893816,-0.48805079736874574,2.008198130893816,-0.4004570480795102,2.0081981540057625,-0.36113100845218615,2.0081981540057625,-0.48805079736874574,2.0081997952870916,-0.5130775828799559,2.008202339415513,-0.037568658166963316,2.008203311226519,-0.5130775828799559,2.008204306414481,-0.4630240118575356,2.00820476937488,-0.5005641901243507,2.0082060196289797,0.7467918472809773,2.0082060196289797,-0.3609735399177496,2.0082060427854267,-0.5130775828799559,2.008208359090306,-0.2959367327311939,2.008208359090306,-0.4004570480795102,2.008208359090306,-0.13767580021180387
2.008196259258842,-0.35819402757869634,2.0081959589525633,-0.15787140253453727,2.008195843456008,-0.433822020232883,2.0081958203570873,-0.22561465635984618,2.0081957279627076,0.082132805165311,2.0081944808424423,-0.33654264216956137,2.0081935342082873,-0.5130775828799559,2.00819307251489,-0.32699493601042745,2.0081915492957747,0.08677182018123994,2.008187420990543,-0.4243988473584529,2.008187282683672,0.06088382544041076,2.0081861763969,-0.4739958922729704,2.0081861763969,-0.47721167153705507,2.0081861763969,-0.4774220842362406,2.008184402352875,-0.42276750137169017,2.008198130893816,-0.48805079736874574,2.008198130893816,-0.4004570480795102,2.0081981540057625,-0.36113100845218615,2.0081981540057625,-0.48805079736874574,2.0082006508632118,-0.037568658166963316,2.0082007202420735,-0.5130775828799559,2.0082007202420735,-0.5005641901243507,2.0082007433686218,0.1013300014202529,2.008203311226519,-0.5130775828799559,2.008204306414481,-0.4630240118575356,2.00820476937488,-0.5005641901243507,2.008205927004498,-0.037568658166963316,2.0082060196289797,0.7467918472809773,2.0082060196289797,-0.3609735399177496,2.0082060427854267,-0.5130775828799559
2.008196259258842,-0.35819402757869634,2.0081959589525633,-0.15787140253453727,2.008195843456008,-0.433822020232883,2.0081958203570873,-0.22561465635984618,2.0081957279627076,0.082132805165311,2.0081944808424423,-0.33654264216956137,2.0081935342082873,-0.5130775828799559,2.00819307251489,-0.32699493601042745,2.0081915492957747,0.08677182018123994,2.0081874901457306,0.5769113661639076,2.008187397939073,-0.41861420620896284,2.008187282683672,0.06088382544041076,2.0081861763969,-0.4739958922729704,2.0081861763969,-0.47721167153705507,2.0081861763969,-0.4774220842362406,2.008198130893816,-0.48805079736874574,2.008198130893816,-0.4004570480795102,2.0081981540057625,-0.36113100845218615,2.0081981540057625,-0.48805079736874574,2.008200627737185,-0.5130775828799559,2.008200627737185,-0.5005641901243507,2.0082006508632118,-0.037568658166963316,2.0082007202420735,-0.5130775828799559,2.0082007433686218,0.1013300014202529,2.008203311226519,-0.5130775828799559,2.008204306414481,-0.4630240118575356,2.00820476937488,-0.5005641901243507,2.008205927004498,-0.037568658166963316,2.0082060196289797,0.7467918472809773,2.0082060196289797,-0.3609735399177496
2.008196259258842,-0.35819402757869634,2.0081959589525633,-0.15787140253453727,2.008195843456008,-0.433822020232883,2.0081958203570873,-0.22561465635984618,2.0081957279627076,0.082132805165311,2.0081944808424423,-0.33654264216956137,2.0081935342082873,-0.5130775828799559,2.0081915492957747,0.08677182018123994,2.0081874901457306,0.5769113661639076,2.008187397939073,-0.41861420620896284,2.008187282683672,0.06088382544041076,2.0081861763969,-0.4739958922729704,2.0081861763969,-0.47721167153705507,2.0081861763969,-0.4774220842362406,2.008184402352875,-0.42276750137169017,2.0081981077820004,-0.3969284465099282,2.008198130893816,-0.48805079736874574,2.0081981540057625,-0.36113100845218615,2.0081981540057625,-0.48805079736874574,2.0082005121090094,-0.037568658166963316,2.0082005814855233,-0.5130775828799559,2.0082005814855233,-0.5005641901243507,2.008200604611289,-0.4142217801106758,2.008200604611289,0.1013300014202529,2.008203311226519,-0.5130775828799559,2.008204306414481,-0.4630240118575356,2.00820476937488,-0.5005641901243507,2.008205927004498,-0.037568658166963316,2.0082060196289797,0.7467918472809773,2.0082060196289797,-0.3609735399177496
2.008196259258842,-0.35819402757869634,2.0081959589525633,-0.15787140253453727,2.0081958665550586,-0.475220653102318,2.008195843456008,-0.433822020232883,2.008195843456008,-0.41959189009835096,2.0081958203570873,-0.22561465635984618,2.0081957279627076,0.082132805165311,2.0081944808424423,-0.33654264216956137,2.0081935342082873,-0.5130775828799559,2.0081915492957747,0.08677182018123994,2.0081888043162994,-0.41702803357004786,2.0081875131977194,0.4505888665103586,2.0081874901457306,0.5769113661639076,2.008187397939073,-0.41861420620896284,2.008187282683672,0.06088382544041076,2.008198130893816,-0.48805079736874574,2.008198130893816,-0.4004570480795102,2.0081981540057625,-0.36113100845218615,2.0081981540057625,-0.48805079736874574,2.0082004889837655,-0.5130775828799559,2.0082004889837655,-0.5005641901243507,2.0082005121090094,-0.037568658166963316,2.008200604611289,-0.4142217801106758,2.008200604611289,0.1013300014202529,2.008203311226519,-0.5130775828799559,2.008204306414481,-0.4630240118575356,2.00820476937488,-0.5005641901243507,2.008205927004498,-0.037568658166963316,2.0082060196289797,0.7467918472809773,2.0082060196289797,-0.3609735399177496
2.008196259258842,-0.47081456237914193,2.0081959589525633,-0.15787140253453727,2.0081958665550586,-0.475220653102318,2.008195843456008,-0.433822020232883,2.008195843456008,-0.41959189009835096,2.0081958203570873,-0.22561465635984618,2.0081957279627076,0.082132805165311,2.0081944808424423,-0.33654264216956137,2.0081935342082873,-0.5130775828799559,2.0081915492957747,0.08677182018123994,2.0081900497092082,-0.14305585834671972,2.008189911313512,-0.32229901008424605,2.0081874901457306,0.5769113661639076,2.008187397939073,-0.41861420620896284,2.008187282683672,0.06088382544041076,2.0081981077820004,-0.4004570480795102,2.008198130893816,-0.48805079736874574,2.0081981540057625,-0.36113100845218615,2.0081981540057625,-0.48805079736874574,2.0082002808624395,-0.5130775828799559,2.0082002808624395,-0.5005641901243507,2.0082003039865097,-0.037568658166963316,2.008200350235041,-0.4142217801106758,2.008200396484094,0.1013300014202529,2.0082010208973746,-0.5130775828799559,2.008203311226519,-0.5130775828799559,2.008204306414481,-0.4630240118575356,2.00820476937488,-0.5005641901243507,2.008205927004498,-0.037568658166963316,2.0082060196289797,0.7467918472809773
2.008196259258842,-0.47081456237914193,2.0081959589525633,-0.15787140253453727,2.0081958665550586,-0.475220653102318,2.008195843456008,-0.433822020232883,2.008195843456008,-0.41959189009835096,2.0081958203570873,-0.22561465635984618,2.0081957279627076,0.082132805165311,2.0081944808424423,-0.33654264216956137,2.0081935342082873,-0.5130775828799559,2.0081915492957747,0.08677182018123994,2.0081874901457306,0.5769113661639076,2.008187397939073,-0.41861420620896284,2.008187282683672,0.06088382544041076,2.0081861763969,-0.4739958922729704,2.0081861763969,-0.47721167153705507,2.0081981077820004,-0.4004570480795102,2.008198130893816,-0.48805079736874574,2.0081981540057625,-0.36113100845218615,2.0081981540057625,-0.48805079736874574,2.0082002346146903,-0.4630240118575356,2.0082002346146903,-0.5130775828799559,2.0082002577385,-0.4142217801106758,2.008200396484094,0.1013300014202529,2.0082010208973746,-0.5130775828799559,2.008203311226519,-0.5130775828799559,2.008204306414481,-0.4630240118575356,2.00820476937488,-0.5005641901243507,2.008205927004498,-0.037568658166963316,2.0082060196289797,0.7467918472809773,2.0082060196289797,-0.3609735399177496
2.008196259258842,-0.47081456237914193,2.0081959589525633,-0.15787140253453727,2.0081958665550586,-0.475220653102318,2.008195843456008,-0.433822020232883,2.0081958203570873,-0.22561465635984618,2.0081957279627076,0.082132805165311,2.0081944808424423,-0.33654264216956137,2.0081935342082873,-0.5130775828799559,2.0081915492957747,0.08677182018123994,2.0081888043162994,-0.41863238816863674,2.0081875131977194,0.4063514829005652,2.0081874901457306,0.5769113661639076,2.008187397939073,-0.41861420620896284,2.008187282683672,0.06088382544041076,2.0081861763969,-0.4739958922729704,2.0081981077820004,-0.4004570480795102,2.008198130893816,-0.48805079736874574,2.0081981540057625,-0.36113100845218615,2.0081981540057625,-0.48805079736874574,2.0082001189976,-0.5130775828799559,2.0082001189976,-0.037568658166963316,2.008200211491012,-0.4142217801106758,2.0082002808624395,0.1013300014202529,2.0082010208973746,-0.5130775828799559,2.008203311226519,-0.5130775828799559,2.008204306414481,-0.4630240118575356,2.00820476937488,-0.5005641901243507,2.008205927004498,-0.037568658166963316,2.0082060196289797,0.7467918472809773,2.0082060196289797,-0.3609735399177496
2.008196259258842,-0.47081456237914193,2.0081959589525633,-0.15787140253453727,2.0081958665550586,-0.475220653102318,2.008195843456008,-0.433822020232883,2.0081958203570873,-0.22561465635984618,2.0081957279627076,0.082132805165311,2.0081944808424423,-0.33654264216956137,2.0081935342082873,-0.5130775828799559,2.0081915492957747,0.08677182018123994,2.0081900497092082,-0.09334609279025971,2.008189911313512,-0.32391554021398605,2.0081888043162994,-0.42148605487315965,2.0081875131977194,-0.20436283609479045,2.0081874901457306,0.5769113661639076,2.008187282683672,0.06088382544041076,2.008198130893816,-0.48805079736874574,2.0081981540057625,-0.36113100845218615,2.008199818408423,-0.4630240118575356,2.008199841529885,-0.5005641901243507,2.008199841529885,-0.4142217801106758,2.0081998646514774,-0.037568658166963316,2.008199957139151,0.1013300014202529,2.0082010208973746,-0.5130775828799559,2.008203311226519,-0.5130775828799559,2.008204306414481,-0.4630240118575356,2.00820476937488,-0.5005641901243507,2.008205927004498,-0.037568658166963316,2.0082060196289797,0.7467918472809773,2.0082060196289797,-0.3609735399177496,2.0082060427854267,-0.5130775828799559
2.0081959589525633,-0.16566195305614356,2.0081958665550586,-0.475220653102318,2.008195843456008,-0.433822020232883,2.0081958203570873,-0.22561465635984618,2.0081957279627076,0.082132805165311,2.0081944808424423,-0.33654264216956137,2.0081935342082873,-0.5130775828799559,2.0081915492957747,0.08677182018123994,2.0081900497092082,-0.08497564662157311,2.008189911313512,-0.31416769485111906,2.0081888043162994,-0.41893541248760646,2.0081875131977194,-0.23549753374393895,2.0081874901457306,0.5769113661639076,2.008187282683672,0.06088382544041076,2.0081871443814734,-0.42740418889656656,2.0081980846703145,-0.48805079736874574,2.0081981077820004,-0.4004570480795102,2.0081981540057625,-0.48805079736874574,2.008199517841282,-0.5130775828799559,2.008199517841282,-0.4630240118575356,2.008199540961049,-0.5005641901243507,2.0081995640809467,0.1013300014202529,2.0081995872009744,-0.4142217801106758,2.008199633441421,-0.5130775828799559,2.008203311226519,-0.5130775828799559,2.008204306414481,-0.4630240118575356,2.00820476937488,-0.5005641901243507,2.008205927004498,-0.037568658166963316,2.0082060196289797,0.7467918472809773,2.0082060196289797,-0.3609735399177496
2.0081957279627076,-0.1277717376537758,2.0081944808424423,-0.33654264216956137,2.0081935342082873,-0.5130775828799559,2.0081915492957747,0.08677182018123994,2.0081915492957747,-0.5129712190415332,2.0081874901457306,0.5769113661639076,2.008187282683672,0.06088382544041076,2.0081871443814734,-0.42740418889656656,2.0081861763969,-0.4739958922729704,2.0081861763969,-0.47721167153705507,2.0081861763969,-0.4774220842362406,2.008184886106803,-0.4586872578436183,2.008184402352875,-0.42276750137169017,2.0081840107844324,-0.4004570480795102,2.0081839416880083,-0.3191771438327922,2.008199286650783,-0.48805079736874574,2.008199286650783,-0.4630240118575356,2.0081993097692465,-0.4142217801106758,2.008199356006564,-0.4004570480795102,2.0081994484827637,-0.5130775828799559,2.0081994716021394,-0.037568658166963316,2.008199540961049,-0.48805079736874574,2.0081999802613955,-0.5130775828799559,2.008204468444678,-0.5130775828799559,2.008204468444678,0.1013300014202529,2.008205927004498,-0.5005641901243507,2.0082060196289797,0.7467918472809773,2.0082060196289797,-0.3609735399177496,2.0082060427854267,-0.5130775828799559,2.008208359090306,-0.2959367327311939
2.0081957279627076,-0.1277717376537758,2.0081944808424423,-0.33654264216956137,2.0081923800723454,-0.5130775828799559,2.0081915492957747,0.08677182018123994,2.0081915492957747,-0.5129712190415332,2.0081874901457306,0.5769113661639076,2.008187282683672,0.06088382544041076,2.0081871443814734,-0.42740418889656656,2.0081861763969,-0.4739958922729704,2.0081861763969,-0.47721167153705507,2.0081861763969,-0.4774220842362406,2.0081849321815883,-0.46411972206739466,2.008184402352875,-0.42276750137169017,2.0081840107844324,-0.4004570480795102,2.0081839416880083,-0.3191771438327922,2.0081991710604226,-0.48805079736874574,2.008199194178234,-0.3784184107047676,2.0081992172961756,-0.4630240118575356,2.008199286650783,-0.48805079736874574,2.008199841529885,-0.5005641901243507,2.0082001421207574,-0.5130775828799559,2.00820435270817,-0.037568658166963316,2.008204445297115,-0.4630240118575356,2.008204468444678,-0.5130775828799559,2.008204468444678,0.1013300014202529,2.008205927004498,-0.5005641901243507,2.0082060196289797,0.7467918472809773,2.0082060196289797,-0.3609735399177496,2.0082060427854267,-0.5130775828799559,2.0082082664130043,-0.037568658166963316
2.0081957279627076,-0.1277717376537758,2.0081944808424423,-0.33654264216956137,2.00819307251489,-0.3623693588260663,2.0081923800723454,-0.5130775828799559,2.0081915492957747,0.08677182018123994,2.0081915492957747,-0.5129712190415332,2.0081888043162994,-0.42171035743830393,2.0081875131977194,0.45725936827319624,2.0081874901457306,0.5769113661639076,2.008187282683672,0.06088382544041076,2.0081871443814734,-0.42740418889656656,2.0081861763969,-0.4739958922729704,2.0081861763969,-0.47721167153705507,2.0081861763969,-0.4774220842362406,2.0081849321815883,-0.46411972206739466,2.0081978304503734,-0.48805079736874574,2.0081978535606253,-0.40003827487755117,2.0081978535606253,-0.48805079736874574,2.0081978535606253,-0.037568658166963316,2.0081979460029373,0.21165604298485255,2.0081991248251905,-0.4142217801106758,2.00820435270817,-0.5130775828799559,2.00820437585521,-0.037568658166963316,2.008204445297115,-0.4630240118575356,2.008204468444678,-0.5130775828799559,2.008204468444678,0.1013300014202529,2.0082047925242716,-0.3609981037077288,2.008205927004498,-0.5005641901243507,2.0082060196289797,0.7467918472809773,2.0082060427854267,-0.5130775828799559
2.008195035071256,-0.45217581381609717,2.00819307251489,-0.3583344778989852,2.0081874901457306,0.19020895122584558,2.008187282683672,0.06088382544041076,2.0081871213315616,-0.42423405848925433,2.0081861763969,-0.4739958922729704,2.0081861763969,-0.47721167153705507,2.0081861763969,-0.4774220842362406,2.008184402352875,-0.42276750137169017,2.0081840107844324,-0.4004570480795102,2.0081839416880083,-0.3191771438327922,2.0081834810749966,0.06709792622927327,2.0081830665676144,-0.47057586941232876,2.0081815240479974,-0.019675945566615,2.008179038822308,0.06925005459573871,2.0081972989505315,-0.48805079736874574,2.008197322057787,-0.3918465324708074,2.008197322057787,-0.48805079736874574,2.0081974838122245,-0.5005641901243507,2.0081975069205225,-0.45329110748561874,2.0081979460029373,0.21165604298485255,2.008199240414248,-0.5005641901243507,2.0081992635324504,-0.5130775828799559,2.00820432956126,-0.5130775828799559,2.00820435270817,-0.037568658166963316,2.008204445297115,0.1013300014202529,2.008204468444678,-0.5130775828799559,2.0082056028352784,-0.4630240118575356,2.008205927004498,-0.5005641901243507,2.0082060196289797,0.7467918472809773
2.00819307251489,-0.38502645812436204,2.0081874901457306,0.19020895122584558,2.008187282683672,0.06088382544041076,2.0081871213315616,-0.42423405848925433,2.0081861763969,-0.4739958922729704,2.0081861763969,-0.47721167153705507,2.0081861763969,-0.4774220842362406,2.008184402352875,-0.42276750137169017,2.0081840107844324,-0.4004570480795102,2.0081839416880083,-0.3191771438327922,2.0081838495612576,-0.45713737404369453,2.0081834810749966,0.06709792622927327,2.0081830665676144,-0.47057586941232876,2.0081815240479974,-0.019675945566615,2.008179038822308,0.06925005459573871,2.008197160309733,-0.48805079736874574,2.008197160309733,-0.5130775828799559,2.008197160309733,-0.4630240118575356,2.008197183416207,-0.4004570480795102,2.0081972065228113,-0.48805079736874574,2.008197229629546,-0.037568658166963316,2.008197460704057,-0.5005641901243507,2.0081974838122245,-0.5005641901243507,2.0081975069205225,-0.45329110748561874,2.0081975993550167,-0.5130775828799559,2.0081979460029373,0.21165604298485255,2.0081992172961756,-0.4630240118575356,2.008204445297115,0.1013300014202529,2.008204468444678,-0.5130775828799559,2.0082055102202054,-0.037568658166963316
2.00819307251489,-0.38502645812436204,2.0081874901457306,0.19020895122584558,2.008187282683672,0.06088382544041076,2.008187098281779,-0.42325506069362684,2.0081861763969,-0.4739958922729704,2.0081861763969,-0.47721167153705507,2.0081861763969,-0.4774220842362406,2.008184402352875,-0.42276750137169017,2.0081840107844324,-0.4004570480795102,2.0081839416880083,-0.3191771438327922,2.0081834810749966,0.06709792622927327,2.008183388958616,-0.46385736627488067,2.0081830665676144,-0.47057586941232876,2.0081815240479974,-0.019675945566615,2.008179038822308,0.06925005459573871,2.0081970216736242,-0.48805079736874574,2.0081970216736242,-0.5130775828799559,2.0081970216736242,-0.4630240118575356,2.0081970447793167,-0.4004570480795102,2.0081970447793167,-0.48805079736874574,2.0081970909910924,-0.4142217801106758,2.008197460704057,-0.5005641901243507,2.0081974838122245,-0.5005641901243507,2.0081975069205225,-0.45329110748561874,2.0081979460029373,0.21165604298485255,2.0081982926801762,-0.5130775828799559,2.0081992172961756,0.1013300014202529,2.008204468444678,-0.5130775828799559,2.0082056028352784,-0.4630240118575356,2.008205927004498,-0.5005641901243507
2.00819307251489,-0.38502645812436204,2.0081874901457306,0.19020895122584558,2.008187282683672,0.06088382544041076,2.008187098281779,-0.42325506069362684,2.0081861763969,-0.4739958922729704,2.0081861763969,-0.47721167153705507,2.0081861763969,-0.4774220842362406,2.008184402352875,-0.42276750137169017,2.0081840107844324,-0.4004570480795102,2.0081839416880083,-0.3191771438327922,2.0081834810749966,0.06709792622927327,2.0081830665676144,-0.47057586941232876,2.0081815240479974,-0.019675945566615,2.008179038822308,0.06925005459573871,2.00817804975449,-0.5102383065771018,2.008196883042205,-0.36115644817965825,2.008196883042205,-0.4004570480795102,2.008196906147116,-0.48805079736874574,2.008196906147116,-0.5130775828799559,2.008196929252157,-0.4630240118575356,2.008196929252157,-0.4142217801106758,2.008197460704057,-0.5005641901243507,2.0081975069205225,-0.45329110748561874,2.0081979460029373,0.21165604298485255,2.0081987318467727,-0.5130775828799559,2.0081995872009744,0.1013300014202529,2.008204468444678,-0.5130775828799559,2.0082056028352784,-0.4630240118575356,2.008205927004498,-0.5005641901243507,2.008205927004498,-0.037568658166963316
2.00819307251489,-0.38502645812436204,2.0081874901457306,0.19020895122584558,2.008187282683672,0.06088382544041076,2.008187098281779,-0.42325506069362684,2.0081861763969,-0.4739958922729704,2.0081861763969,-0.47721167153705507,2.0081861763969,-0.4774220842362406,2.008184402352875,-0.42276750137169017,2.0081840107844324,-0.4004570480795102,2.0081839416880083,-0.3191771438327922,2.0081835271339643,-0.45793924476486647,2.0081834810749966,0.06709792622927327,2.0081830665676144,-0.47057586941232876,2.0081815240479974,-0.019675945566615,2.008179038822308,0.06925005459573871,2.0081967213114753,-0.48805079736874574,2.0081967213114753,-0.4630240118575356,2.0081967444154745,-0.3531064449726572,2.0081967444154745,-0.48805079736874574,2.0081967906238636,-0.5130775828799559,2.0081968137282535,-0.4142217801106758,2.0081974838122245,-0.5005641901243507,2.0081975069205225,-0.45329110748561874,2.0081979460029373,0.21165604298485255,2.008198570043079,-0.5130775828799559,2.0081995872009744,0.1013300014202529,2.008204468444678,-0.5130775828799559,2.0082056028352784,-0.4630240118575356,2.008205927004498,-0.5005641901243507,2.008205927004498,-0.037568658166963316
2.008196282360236,-0.12654876623959227,2.0081874901457306,0.19020895122584558,2.008187282683672,0.06088382544041076,2.008187098281779,-0.4139159402783361,2.0081861763969,-0.4739958922729704,2.0081861763969,-0.47721167153705507,2.0081861763969,-0.4774220842362406,2.008184402352875,-0.42276750137169017,2.0081840107844324,-0.4004570480795102,2.0081839416880083,-0.3191771438327922,2.0081834810749966,0.06709792622927327,2.008183296844309,-0.4648224742045494,2.0081830665676144,-0.47057586941232876,2.0081815240479974,-0.019675945566615,2.008179038822308,0.06925005459573871,2.008196628896781,-0.4630240118575356,2.0081966520002594,-0.4004570480795102,2.0081966982076063,-0.037568658166963316,2.0081966982076063,-0.4142217801106758,2.0081968368327736,-0.48805079736874574,2.0081974144881127,-0.48805079736874574,2.0081975069205225,-0.45329110748561874,2.0081979460029373,0.21165604298485255,2.0081997952870916,-0.5130775828799559,2.00820437585521,-0.037568658166963316,2.008204422149683,-0.5130775828799559,2.008204445297115,-0.4630240118575356,2.008204468444678,-0.5130775828799559,2.008204468444678,0.1013300014202529,2.0082056028352784,-0.4630240118575356
2.008196282360236,-0.19676769471445563,2.0081874901457306,0.19020895122584558,2.008187282683672,0.06088382544041076,2.008187052182604,-0.42993417167068027,2.0081861763969,-0.4739958922729704,2.0081861763969,-0.47721167153705507,2.0081861763969,-0.4774220842362406,2.008184402352875,-0.42276750137169017,2.0081840107844324,-0.4004570480795102,2.0081839416880083,-0.3191771438327922,2.0081834810749966,0.06709792622927327,2.0081830665676144,-0.47057586941232876,2.0081815240479974,-0.019675945566615,2.008179038822308,0.06925005459573871,2.00817804975449,-0.5102383065771018,2.0081974838122245,-0.4004570480795102,2.0081975069205225,-0.45329110748561874,2.0081975069205225,-0.48805079736874574,2.0081978304503734,-0.48805079736874574,2.0081978535606253,-0.037568658166963316,2.0081979460029373,0.21165604298485255,2.0081996796823893,-0.4630240118575356,2.008199725923879,-0.5130775828799559,2.00819977216589,-0.4142217801106758,2.008199818408423,0.1013300014202529,2.008200072751677,-0.5130775828799559,2.008204468444678,-0.5130775828799559,2.0082056028352784,-0.4630240118575356,2.008205927004498,-0.5005641901243507,2.0082060196289797,0.7467918472809773
2.0081874901457306,-0.16920436941132783,2.008187282683672,0.06088382544041076,2.008187052182604,-0.42993417167068027,2.0081861763969,-0.4739958922729704,2.0081861763969,-0.47721167153705507,2.0081861763969,-0.4774220842362406,2.008184402352875,-0.42276750137169017,2.0081840107844324,-0.4004570480795102,2.0081839416880083,-0.3191771438327922,2.0081834810749966,0.06709792622927327,2.0081830665676144,-0.47057586941232876,2.0081815240479974,-0.019675945566615,2.008179038822308,0.06925005459573871,2.00817804975449,-0.5102383065771018,2.00817804975449,-0.4749400778099518,2.0081974144881127,-0.48805079736874574,2.0081974144881127,-0.4505106191019305,2.00819743759602,-0.4004570480795102,2.00819743759602,-0.5130775828799559,2.0081975069205225,-0.45329110748561874,2.0081975069205225,-0.48805079736874574,2.0081978304503734,-0.4630240118575356,2.0081978535606253,-0.037568658166963316,2.0081979460029373,0.21165604298485255,2.00819965656184,-0.4142217801106758,2.0081996796823893,0.1013300014202529,2.008199725923879,-0.5130775828799559,2.008204468444678,-0.5130775828799559,2.0082056028352784,-0.4630240118575356,2.008205927004498,-0.5005641901243507
2.0081874901457306,-0.16920436941132783,2.008187282683672,0.06088382544041076,2.008187052182604,-0.42993417167068027,2.0081861763969,-0.4739958922729704,2.0081861763969,-0.47721167153705507,2.0081861763969,-0.4774220842362406,2.008184402352875,-0.42276750137169017,2.0081840107844324,-0.4004570480795102,2.0081839416880083,-0.3191771438327922,2.0081834810749966,0.06709792622927327,2.0081830665676144,-0.47057586941232876,2.0081815240479974,-0.019675945566615,2.008179038822308,0.06925005459573871,2.00817804975449,-0.5102383065771018,2.00817804975449,-0.4749400778099518,2.008197252736411,-0.48805079736874574,2.008197275843406,-0.48805079736874574,2.008197275843406,-0.49641867829191744,2.0081972989505315,-0.037568658166963316,2.0081973682726892,-0.4505106191019305,2.0081973682726892,-0.4142217801106758,2.0081973913803357,-0.4004570480795102,2.008197460704057,-0.5130775828799559,2.0081975069205225,-0.45329110748561874,2.0081979460029373,0.21165604298485255,2.0081996796823893,0.1013300014202529,2.008204468444678,-0.5130775828799559,2.0082056028352784,-0.4630240118575356,2.008205927004498,-0.5005641901243507,2.008205927004498,-0.037568658166963316
2.0081874901457306,-0.26931151145616833,2.008187282683672,0.06088382544041076,2.008187052182604,-0.42993417167068027,2.0081861763969,-0.4739958922729704,2.0081861763969,-0.47721167153705507,2.0081861763969,-0.4774220842362406,2.008184402352875,-0.42276750137169017,2.008184033816833,-0.4668588411746328,2.0081840107844324,-0.4004570480795102,2.0081839416880083,-0.3191771438327922,2.0081834810749966,0.06709792622927327,2.0081830665676144,-0.47057586941232876,2.0081815240479974,-0.019675945566615,2.008179038822308,0.06925005459573871,2.00817804975449,-0.5102383065771018,2.008196906147116,-0.48805079736874574,2.008196929252157,-0.36115552218859437,2.0081969523573284,-0.5130775828799559,2.0081969523573284,-0.48805079736874574,2.0081969523573284,-0.4964191663142349,2.00819697546263,-0.037568658166963316,2.0081969985680623,-0.4505106191019305,2.0081970216736242,-0.4004570480795102,2.0081970447793167,-0.5005641901243507,2.0081970909910924,-0.4142217801106758,2.0081972065228113,-0.5130775828799559,2.008197922892164,-0.4630240118575356,2.0081979460029373,0.21165604298485255,2.00820435270817,-0.037568658166963316,2.008204445297115,0.1013300014202529
2.0081874901457306,-0.26931151145616833,2.008187282683672,0.06088382544041076,2.008187052182604,-0.42993417167068027,2.0081861763969,-0.4739958922729704,2.0081861763969,-0.47721167153705507,2.0081861763969,-0.4774220842362406,2.008184402352875,-0.42276750137169017,2.008184033816833,-0.4668588411746328,2.0081840107844324,-0.4004570480795102,2.0081839416880083,-0.3191771438327922,2.0081834810749966,0.06709792622927327,2.0081830665676144,-0.47057586941232876,2.0081815240479974,-0.019675945566615,2.008179038822308,0.06925005459573871,2.00817804975449,-0.5102383065771018,2.0081967213114753,-0.4004570480795102,2.0081967444154745,-0.37543026256830014,2.0081967444154745,-0.48805079736874574,2.008196767519604,-0.5130775828799559,2.0081970447793167,-0.5005641901243507,2.0081970447793167,-0.48805079736874574,2.008197922892164,-0.4630240118575356,2.0081979460029373,0.21165604298485255,2.00820432956126,0.1013300014202529,2.008204468444678,-0.5130775828799559,2.0082056028352784,-0.4630240118575356,2.008205927004498,-0.5005641901243507,2.0082060196289797,0.7467918472809773,2.0082060427854267,-0.5130775828799559,2.0082082664130043,-0.037568658166963316
2.0081875131977194,-0.48805079736874574,2.0081874901457306,-0.30685168972298354,2.008187282683672,0.06088382544041076,2.008187052182604,-0.42993417167068027,2.0081861763969,-0.4739958922729704,2.0081861763969,-0.47721167153705507,2.0081861763969,-0.4774220842362406,2.008184402352875,-0.42276750137169017,2.0081840107844324,-0.4004570480795102,2.0081839416880083,-0.3191771438327922,2.0081834810749966,0.06709792622927327,2.0081830665676144,-0.47057586941232876,2.0081815240479974,-0.019675945566615,2.008179038822308,0.06925005459573871,2.00817804975449,-0.5102383065771018,2.008196675103868,-0.4004570480795102,2.008196675103868,-0.5005641901243507,2.0081966982076063,-0.4505106191019305,2.0081967213114753,-0.5130775828799559,2.0081970447793167,-0.5005641901243507,2.0081970447793167,-0.48805079736874574,2.008204213828671,-0.4630240118575356,2.0082042369749273,-0.037568658166963316,2.00820432956126,0.1013300014202529,2.008204468444678,-0.5130775828799559,2.0082056028352784,-0.4630240118575356,2.008205927004498,-0.5005641901243507,2.0082060196289797,0.7467918472809773,2.0082060427854267,-0.5130775828799559,2.0082082664130043,-0.037568658166963316
2.008187605406973,-0.18772937123422412,2.0081874901457306,-0.30685168972298354,2.008187282683672,0.06088382544041076,2.008187052182604,-0.42993417167068027,2.0081861763969,-0.4739958922729704,2.0081861763969,-0.47721167153705507,2.0081861763969,-0.4774220842362406,2.008184402352875,-0.42276750137169017,2.0081840107844324,-0.4004570480795102,2.00818396472002,-0.4668588411746328,2.0081839416880083,-0.3191771438327922,2.0081834810749966,0.06709792622927327,2.0081830665676144,-0.47057586941232876,2.0081815240479974,-0.019675945566615,2.008179038822308,0.06925005459573871,2.008196605793433,-0.4505106191019305,2.008196628896781,-0.4004570480795102,2.008196628896781,-0.5130775828799559,2.0081966520002594,-0.48805079736874574,2.0081970678851397,-0.5130775828799559,2.008204213828671,-0.4630240118575356,2.008204213828671,0.1013300014202529,2.008204468444678,-0.5130775828799559,2.0082056028352784,-0.4630240118575356,2.008205927004498,-0.5005641901243507,2.0082060196289797,0.7467918472809773,2.0082060427854267,-0.5130775828799559,2.0082082664130043,-0.037568658166963316,2.008208359090306,-0.2959367327311939,2.008208359090306,-0.4004570480795102
2.008187605406973,-0.18772937123422412,2.0081874901457306,-0.30685168972298354,2.008187282683672,0.06088382544041076,2.008187052182604,-0.42993417167068027,2.0081861763969,-0.4739958922729704,2.0081861763969,-0.47721167153705507,2.0081861763969,-0.4774220842362406,2.008185669448706,-0.5116849674001845,2.008184402352875,-0.42276750137169017,2.0081840107844324,-0.4004570480795102,2.00818396472002,-0.4668588411746328,2.0081839416880083,-0.3191771438327922,2.0081834810749966,0.06709792622927327,2.0081830665676144,-0.47057586941232876,2.0081815240479974,-0.019675945566615,2.008196559587128,-0.4505106191019305,2.0081965826902155,-0.3867852405029478,2.0081965826902155,-0.5005641901243507,2.0081965826902155,-0.5130775828799559,2.0081965826902155,-0.48805079736874574,2.0081965826902155,-0.4142217801106758,2.008196605793433,-0.5005641901243507,2.0081967906238636,0.21155235701247957,2.0081970678851397,-0.5130775828799559,2.0082040980993465,-0.4630240118575356,2.00820412124495,-0.037568658166963316,2.008204213828671,0.1013300014202529,2.008204468444678,-0.5130775828799559,2.0082056028352784,-0.4630240118575356,2.008205927004498,-0.5005641901243507
2.008187605406973,-0.18772937123422412,2.0081874901457306,-0.30685168972298354,2.008187282683672,0.06088382544041076,2.008187052182604,-0.42993417167068027,2.0081861763969,-0.4739958922729704,2.0081861763969,-0.47721167153705507,2.0081861763969,-0.4774220842362406,2.008185669448706,-0.5116849674001845,2.008184402352875,-0.42276750137169017,2.0081840107844324,-0.4004570480795102,2.00818396472002,-0.4668588411746328,2.0081839416880083,-0.3191771438327922,2.0081834810749966,0.06709792622927327,2.0081830665676144,-0.47057586941232876,2.0081815240479974,-0.019675945566615,2.008196444073644,-0.4505106191019305,2.0081964671760804,-0.3531064449726572,2.0081964671760804,-0.48805079736874574,2.008196490278647,-0.5130775828799559,2.008196490278647,-0.5005641901243507,2.0081965133813435,-0.3611638435947769,2.008196605793433,-0.5005641901243507,2.0081967906238636,0.21155235701247957,2.0081970678851397,-0.5130775828799559,2.0082040749538734,0.1013300014202529,2.0082040980993465,-0.4630240118575356,2.00820412124495,-0.037568658166963316,2.008204468444678,-0.5130775828799559,2.0082056028352784,-0.4630240118575356,2.008205927004498,-0.5005641901243507
2.008187605406973,-0.18772937123422412,2.0081874901457306,-0.30685168972298354,2.0081873057344923,-0.4668588411746328,2.008187282683672,0.06088382544041076,2.008187052182604,-0.42993417167068027,2.0081867295029125,-0.4595424981848929,2.0081861763969,-0.4739958922729704,2.0081861763969,-0.47721167153705507,2.0081861763969,-0.4774220842362406,2.008185669448706,-0.5116849674001845,2.008184402352875,-0.42276750137169017,2.0081840107844324,-0.4004570480795102,2.0081839416880083,-0.3191771438327922,2.0081834810749966,0.06709792622927327,2.0081830665676144,-0.47057586941232876,2.008196351665201,-0.4505106191019305,2.0081963747671163,-0.39920653468787165,2.0081963747671163,-0.5130775828799559,2.008196397869162,-0.5005641901243507,2.0081964209713377,-0.3611656955769047,2.0081964209713377,-0.48805079736874574,2.0081965826902155,0.789469448997177,2.008196605793433,-0.5005641901243507,2.0081967906238636,0.21155235701247957,2.0081970678851397,-0.5130775828799559,2.008203959228467,-0.4630240118575356,2.0082039823732867,-0.037568658166963316,2.0082040749538734,0.1013300014202529,2.008204468444678,-0.5130775828799559,2.0082056028352784,-0.4630240118575356
2.0081891040984945,0.5457050668814116,2.008187420990543,-0.18772937123422412,2.0081873057344923,-0.4668588411746328,2.008187282683672,0.06088382544041076,2.008185669448706,-0.5116849674001845,2.008184402352875,-0.42276750137169017,2.0081840107844324,-0.4004570480795102,2.0081839416880083,-0.3191771438327922,2.0081834810749966,0.06709792622927327,2.008179038822308,0.06925005459573871,2.008175681564513,-0.42276750137169017,2.008175129950269,-0.03098030682756623,2.008174302668454,-0.4910106276974072,2.0081737512402573,1.3572925126084237,2.0081737512402573,-0.4004570480795102,2.008196259258842,-0.3931339228308968,2.008196259258842,-0.4505106191019305,2.008196282360236,-0.5130775828799559,2.008196282360236,-0.4142217801106758,2.008196305461761,-0.36116801055456443,2.008196305461761,-0.5130775828799559,2.0081965826902155,0.789469448997177,2.0081967906238636,0.21155235701247957,2.0081970678851397,-0.5130775828799559,2.008203936083777,0.1013300014202529,2.008203959228467,-0.4630240118575356,2.008204468444678,-0.5130775828799559,2.0082056028352784,-0.4630240118575356,2.008205927004498,-0.5005641901243507,2.0082060427854267,-0.5130775828799559
2.008195982052265,-0.48992187493392036,2.0081959127535502,-0.18772937123422412,2.0081958203570873,0.598439794975826,2.0081957279627076,0.047138839543013546,2.008195496985872,-0.48805079736874574,2.0081915492957747,0.09116327023489197,2.0081914800719995,-0.46209461715079125,2.0081891040984945,0.5457050668814116,2.0081873057344923,-0.4668588411746328,2.008187282683672,0.06088382544041076,2.008185669448706,-0.5116849674001845,2.0081840107844324,-0.4004570480795102,2.0081839416880083,-0.3191771438327922,2.0081834810749966,0.06709792622927327,2.008179038822308,0.06925005459573871,2.008196305461761,-0.5130775828799559,2.008196767519604,-0.48805079736874574,2.0081967906238636,0.21155235701247957,2.0082039129392184,-0.5130775828799559,2.008203936083777,0.1013300014202529,2.008204468444678,-0.5130775828799559,2.0082056028352784,-0.4630240118575356,2.008205927004498,-0.5005641901243507,2.0082060427854267,-0.5130775828799559,2.008208359090306,-0.2959367327311939,2.008208359090306,-0.4004570480795102,2.008208359090306,-0.13767580021180387,2.00821274047966,0.43377902537890206,2.008218891580158,-0.36071585162073344,2.0082189148093086,-0.5130775828799559
2.0081962361575774,-0.4899514190542163,2.0081962130564435,-0.08756088853809564,2.0081958665550586,1.3965397929417442,2.0081958203570873,0.598439794975826,2.0081957279627076,0.047138839543013546,2.008193672726453,-0.46310761383453575,2.0081915492957747,0.09116327023489197,2.0081891040984945,0.5457050668814116,2.0081873057344923,-0.4668588411746328,2.008187282683672,0.06088382544041076,2.008185669448706,-0.5116849674001845,2.0081840107844324,-0.4004570480795102,2.0081839416880083,-0.3191771438327922,2.0081834810749966,0.06709792622927327,2.008179038822308,0.06925005459573871,2.008196305461761,-0.5130775828799559,2.008196767519604,-0.48805079736874574,2.0081967906238636,0.21155235701247957,2.008199356006564,-0.4142217801106758,2.008199356006564,-0.5130775828799559,2.008199702803069,-0.5130775828799559,2.008199725923879,-0.5130775828799559,2.0082038435063247,-0.4630240118575356,2.008203936083777,0.1013300014202529,2.008204468444678,-0.5130775828799559,2.0082055796813143,0.7901167668044246,2.0082056028352784,-0.4630240118575356,2.008205927004498,-0.5005641901243507,2.0082060427854267,-0.5130775828799559,2.008208359090306,-0.2959367327311939
2.0081962130564435,-0.08756088853809564,2.0081958665550586,1.3965397929417442,2.0081958203570873,0.598439794975826,2.0081957279627076,0.047138839543013546,2.0081915492957747,0.09116327023489197,2.0081891040984945,0.5457050668814116,2.0081873057344923,-0.4668588411746328,2.008187282683672,0.06088382544041076,2.008185669448706,-0.5116849674001845,2.0081840107844324,-0.4004570480795102,2.0081839416880083,-0.3191771438327922,2.0081834810749966,0.06709792622927327,2.008179038822308,0.06925005459573871,2.008175681564513,-0.42276750137169017,2.0081751529327097,-0.4081267192270974,2.008196767519604,-0.37467644327530975,2.0081967906238636,0.21155235701247957,2.00819933288784,-0.5130775828799559,2.00819933288784,-0.4630240118575356,2.00819933288784,-0.5005641901243507,2.008199356006564,-0.4142217801106758,2.008203936083777,0.1013300014202529,2.008204468444678,-0.5130775828799559,2.0082055796813143,0.7901167668044246,2.0082056028352784,-0.4630240118575356,2.008205927004498,-0.5005641901243507,2.0082060427854267,-0.5130775828799559,2.0082082664130043,-0.037568658166963316,2.008208359090306,-0.2959367327311939,2.008208359090306,-0.4004570480795102
2.008196351665201,-0.18772937123422412,2.0081962130564435,-0.08756088853809564,2.0081959358529917,-0.48805079736874574,2.0081958665550586,1.3965397929417442,2.0081958203570873,0.598439794975826,2.0081957279627076,0.047138839543013546,2.0081915492957747,0.09116327023489197,2.0081891040984945,0.5457050668814116,2.0081873057344923,-0.4668588411746328,2.008187282683672,0.06088382544041076,2.008185669448706,-0.5116849674001845,2.0081840107844324,-0.4004570480795102,2.0081839416880083,-0.3191771438327922,2.0081834810749966,0.06709792622927327,2.008179038822308,0.06925005459573871,2.008196767519604,-0.37467644327530975,2.0081967906238636,0.21155235701247957,2.008196906147116,-0.48805079736874574,2.008199286650783,-0.5130775828799559,2.0081993097692465,-0.4142217801106758,2.00819933288784,-0.4630240118575356,2.008199957139151,-0.5130775828799559,2.008203936083777,0.1013300014202529,2.008204468444678,-0.5130775828799559,2.0082056028352784,-0.4630240118575356,2.008205927004498,-0.5005641901243507,2.0082060427854267,-0.5130775828799559,2.008208359090306,-0.2959367327311939,2.008208359090306,-0.4004570480795102,2.008208359090306,-0.13767580021180387
2.0081964671760804,-0.18772937123422412,2.008196328563416,-0.3517778855504019,2.0081962130564435,-0.08756088853809564,2.0081958665550586,1.3965397929417442,2.0081958203570873,0.598439794975826,2.0081957279627076,0.047138839543013546,2.0081915492957747,0.09116327023489197,2.0081891040984945,0.5457050668814116,2.0081873057344923,-0.4668588411746328,2.008187282683672,0.06088382544041076,2.008185669448706,-0.5116849674001845,2.0081840107844324,-0.4004570480795102,2.0081839416880083,-0.3191771438327922,2.0081834810749966,0.06709792622927327,2.008179038822308,0.06925005459573871,2.008196767519604,-0.37467644327530975,2.0081967906238636,0.21155235701247957,2.00819697546263,-0.48805079736874574,2.0081992172961756,-0.5130775828799559,2.0081992172961756,-0.5005641901243507,2.008199240414248,-0.4630240118575356,2.0081992635324504,-0.4142217801106758,2.00819933288784,0.1013300014202529,2.008204468444678,-0.5130775828799559,2.0082056028352784,-0.4630240118575356,2.008205927004498,-0.5005641901243507,2.0082060427854267,-0.5130775828799559,2.0082082664130043,-0.037568658166963316,2.008208359090306,-0.2959367327311939,2.008208359090306,-0.4004570480795102
2.008196444073644,-0.18772937123422412,2.008196328563416,-0.3517778855504019,2.0081962130564435,-0.08756088853809564,2.008195982052265,-0.48805079736874574,2.0081958203570873,0.598439794975826,2.0081957279627076,0.047138839543013546,2.0081915492957747,0.09116327023489197,2.0081891040984945,0.5457050668814116,2.0081873057344923,-0.4668588411746328,2.008187282683672,0.06088382544041076,2.008185669448706,-0.5116849674001845,2.0081840107844324,-0.4004570480795102,2.0081839416880083,-0.3191771438327922,2.0081834810749966,0.06709792622927327,2.008179038822308,0.06925005459573871,2.008196767519604,-0.37467644327530975,2.0081967906238636,0.21155235701247957,2.0081969523573284,-0.48805079736874574,2.0081991710604226,-0.5130775828799559,2.008199194178234,-0.4142217801106758,2.008199194178234,-0.4630240118575356,2.00819933288784,0.1013300014202529,2.008204468444678,-0.5130775828799559,2.0082056028352784,-0.4630240118575356,2.008205927004498,-0.5005641901243507,2.0082060427854267,-0.5130775828799559,2.0082082664130043,-0.037568658166963316,2.008208359090306,-0.2959367327311939,2.008208359090306,-0.4004570480795102,2.008208359090306,-0.13767580021180387
2.008196490278647,-0.18772937123422412,2.008196328563416,-0.3517778855504019,2.0081962130564435,-0.08756088853809564,2.008196005152097,-0.48805079736874574,2.0081958896542393,1.2776128335406851,2.0081958203570873,0.598439794975826,2.0081957279627076,0.047138839543013546,2.0081915492957747,0.09116327023489197,2.0081891040984945,0.5457050668814116,2.0081873057344923,-0.4668588411746328,2.008187282683672,0.06088382544041076,2.008185669448706,-0.5116849674001845,2.0081840107844324,-0.4004570480795102,2.0081839416880083,-0.3191771438327922,2.0081834810749966,0.06709792622927327,2.008196767519604,-0.4004570480795102,2.0081967906238636,0.21155235701247957,2.00819697546263,-0.48805079736874574,2.0081991248251905,-0.5130775828799559,2.0081991479427415,-0.4142217801106758,2.00819933288784,0.1013300014202529,2.008204468444678,-0.5130775828799559,2.0082056028352784,-0.4630240118575356,2.008205927004498,-0.5005641901243507,2.0082060427854267,-0.5130775828799559,2.0082082664130043,-0.037568658166963316,2.008208359090306,-0.2959367327311939,2.008208359090306,-0.4004570480795102,2.008208359090306,-0.13767580021180387,2.008212624509657,-0.037568658166963316
